1
1
1
4
4
5
5
7
7
8
9
9
10
11
12
13
13
14
15
16
16
19
19
23
25
26
26
28
28
28
29
30
31
31
32
33
33
33
35
36
36
36
37
39
39
41
43
43
46
47
49
51
51
53
53
54
57
58
59
61
63
65
65
67
69
73
76
76
77
77
78
80
81
84
85
86
86
86
87
88
88
88
90
91
92
93
93
94
94
95
95
98
99
99
101
103
104
106
106
106
106
107
109
110
110
110
111
112
113
115
116
116
116
116
116
117
118
119
120
121
121
122
122
122
123
124
125
127
129
130
134
135
136
137
138
139
140
140
141
141
143
143
144
145
145
146
148
149
150
150
150
152
152
153
155
155
156
158
159
159
159
160
160
163
165
166
166
166
167
167
170
170
172
174
174
175
176
177
177
179
179
179
180
180
182
182
182
186
187
187
188
189
190
191
192
192
192
192
194
195
196
196
197
197
197
199
199
201
204
204
204
205
206
208
210
215
215
216
217
217
217
219
220
222
223
225
226
227
227
228
229
230
230
231
232
233
234
235
236
237
239
239
241
242
242
242
242
244
244
246
246
247
248
248
249
250
253
253
256
256
257
258
261
263
264
266
267
267
268
269
270
271
271
272
273
275
275
276
277
277
277
278
278
280
282
283
283
286
286
287
291
291
291
292
293
293
295
295
296
297
299
299
300
301
301
304
307
308
308
308
308
308
309
311
311
311
314
316
318
319
320
322
322
322
322
323
323
323
324
325
326
326
328
329
329
329
331
333
334
337
338
340
341
341
341
342
342
343
345
345
346
346
347
348
349
350
351
353
353
354
354
355
356
356
357
359
360
360
360
360
361
361
361
361
362
365
366
366
370
371
375
375
376
378
379
379
380
380
383
383
383
384
386
386
387
389
390
390
391
391
391
392
392
393
394
396
397
397
398
399
400
400
404
404
405
405
410
414
419
421
421
422
422
423
424
424
425
426
426
426
426
427
428
428
429
429
431
433
434
435
436
436
438
438
438
439
443
443
444
448
448
448
449
449
449
450
451
451
452
453
456
456
456
457
457
457
458
458
459
459
459
463
463
463
464
464
465
466
467
468
468
469
469
469
470
470
471
472
472
472
473
473
477
478
480
483
485
486
487
488
490
490
490
491
491
493
493
494
494
495
496
496
498
499
499
500
500
502
502
502
502
502
503
504
504
510
516
518
519
520
522
522
522
522
522
523
523
525
526
528
529
531
533
534
535
536
536
537
537
537
538
539
540
541
541
546
548
550
550
552
555
556
556
556
556
558
560
560
561
561
562
565
565
566
568
568
572
573
573
575
577
580
580
583
583
584
584
585
586
586
588
590
592
594
595
597
597
597
598
599
600
601
604
605
606
607
607
610
612
613
615
616
616
617
617
618
621
621
622
624
625
625
626
626
626
626
627
628
629
633
634
634
635
635
637
637
637
637
639
639
639
640
640
641
641
642
643
644
645
645
646
647
649
650
651
651
652
652
652
653
653
655
656
657
658
659
660
662
664
665
665
671
672
673
674
675
676
676
677
678
678
678
678
679
680
680
680
681
681
682
684
684
685
686
686
688
689
689
689
690
690
692
692
694
696
697
698
699
700
701
701
702
702
702
703
703
704
704
704
705
706
707
707
708
709
709
712
715
715
716
716
720
720
720
722
723
724
724
725
725
726
727
729
730
730
731
731
731
732
734
734
735
735
736
737
738
739
740
740
740
741
741
743
748
749
749
750
750
751
751
752
753
753
754
754
755
756
757
758
758
758
759
760
764
765
767
767
769
772
772
776
777
778
778
779
779
781
784
785
786
786
788
795
795
796
796
796
799
800
801
804
805
808
809
809
809
809
810
810
812
813
815
816
817
818
820
822
823
823
823
824
825
826
827
827
828
829
830
831
831
834
837
840
840
840
840
844
845
848
848
849
849
851
853
854
855
857
859
863
863
865
866
868
871
873
874
875
878
879
880
883
887
888
889
890
892
892
893
894
894
897
900
900
905
909
910
910
910
914
915
916
916
917
917
918
921
922
922
924
925
926
926
927
928
930
931
931
932
932
933
933
934
937
938
940
941
942
948
949
950
950
951
952
952
953
955
957
960
960
961
962
964
964
965
965
965
965
966
966
966
968
969
969
970
970
971
971
972
972
972
973
973
974
974
975
977
978
978
981
981
981
982
983
987
987
987
988
988
989
990
991
991
993
993
996
996
997
997
997
997
998
1000
1001
1004
1005
1005
1007
1008
1008
1009
1009
1011
1011
1014
1014
1014
1015
1015
1015
1016
1018
1018
1019
1019
1021
1021
1022
1022
1022
1023
1025
1025
1026
1026
1028
1028
1028
1031
1031
1032
1032
1034
1034
1035
1036
1038
1039
1040
1048
1049
1050
1050
1051
1052
1052
1056
1056
1057
1059
1059
1060
1062
1062
1062
1065
1066
1066
1068
1072
1072
1073
1074
1074
1074
1075
1076
1077
1077
1078
1080
1080
1080
1081
1082
1083
1085
1085
1086
1087
1090
1090
1091
1092
1093
1093
1094
1094
1095
1095
1096
1097
1099
1101
1101
1101
1103
1103
1105
1106
1108
1108
1109
1112
1112
1114
1115
1116
1117
1117
1119
1119
1122
1124
1124
1124
1126
1127
1127
1128
1130
1131
1132
1137
1139
1142
1142
1143
1143
1144
1146
1146
1147
1148
1148
1149
1152
1152
1152
1154
1155
1155
1156
1156
1159
1159
1159
1160
1160
1162
1162
1163
1164
1164
1165
1165
1166
1167
1167
1168
1168
1169
1169
1169
1169
1170
1170
1171
1172
1173
1173
1175
1175
1176
1177
1180
1180
1180
1180
1181
1181
1182
1183
1183
1186
1187
1188
1189
1189
1190
1192
1193
1194
1194
1195
1197
1199
1199
1199
1200
1200
1201
1203
1203
1206
1207
1210
1210
1210
1211
1212
1214
1215
1216
1219
1220
1221
1224
1226
1227
1228
1229
1229
1233
1234
1234
1238
1238
1238
1239
1239
1240
1242
1242
1243
1244
1245
1246
1249
1250
1251
1251
1255
1256
1256
1257
1258
1259
1259
1259
1261
1261
1264
1264
1264
1265
1265
1266
1266
1266
1269
1269
1269
1270
1270
1270
1270
1272
1272
1272
1272
1272
1273
1274
1274
1276
1276
1276
1277
1278
1278
1279
1280
1282
1283
1283
1284
1286
1287
1288
1288
1288
1290
1291
1291
1293
1293
1294
1294
1294
1296
1298
1300
1301
1301
1305
1306
1306
1306
1307
1307
1308
1308
1309
1309
1311
1311
1313
1314
1317
1317
1317
1320
1320
1321
1322
1322
1326
1328
1328
1334
1334
1336
1336
1337
1337
1339
1340
1340
1341
1342
1342
1343
1344
1344
1345
1346
1346
1347
1350
1352
1353
1353
1354
1357
1357
1358
1358
1361
1361
1362
1363
1363
1364
1367
1369
1371
1371
1371
1373
1373
1374
1374
1374
1375
1377
1380
1381
1382
1382
1382
1383
1383
1384
1384
1389
1389
1390
1392
1392
1393
1394
1394
1395
1396
1397
1397
1397
1398
1398
1398
1399
1399
1400
1401
1401
1403
1406
1407
1407
1408
1408
1409
1412
1413
1414
1417
1417
1418
1418
1421
1422
1423
1423
1424
1424
1427
1428
1428
1428
1428
1429
1430
1433
1434
1434
1434
1435
1435
1440
1440
1443
1444
1445
1446
1447
1448
1450
1451
1453
1453
1455
1455
1455
1457
1459
1459
1462
1463
1465
1465
1466
1469
1470
1471
1471
1472
1472
1473
1473
1474
1479
1479
1480
1481
1482
1484
1485
1485
1486
1487
1488
1489
1492
1493
1496
1497
1497
1497
1498
1498
1499
1500
1500
1500
1500
1501
1503
1503
1503
1506
1507
1509
1510
1510
1511
1512
1515
1516
1516
1516
1516
1517
1519
1520
1520
1522
1522
1524
1525
1525
1526
1527
1527
1528
1529
1529
1530
1531
1531
1532
1532
1534
1535
1536
1536
1536
1537
1538
1540
1541
1542
1542
1542
1544
1545
1545
1547
1549
1549
1549
1551
1551
1555
1557
1558
1558
1559
1560
1562
1562
1563
1563
1565
1567
1568
1568
1569
1569
1570
1572
1573
1575
1577
1578
1578
1578
1579
1579
1580
1581
1582
1583
1584
1585
1586
1588
1590
1591
1592
1593
1593
1594
1594
1595
1599
1599
1599
1600
1601
1601
1601
1601
1603
1606
1607
1607
1607
1608
1609
1609
1609
1610
1611
1611
1612
1615
1616
1618
1619
1619
1619
1619
1620
1620
1620
1621
1621
1623
1623
1623
1623
1624
1625
1628
1628
1628
1628
1630
1630
1631
1631
1632
1634
1634
1636
1638
1642
1643
1643
1643
1644
1644
1650
1650
1651
1651
1653
1654
1655
1655
1657
1657
1657
1658
1661
1662
1662
1666
1667
1669
1672
1672
1674
1674
1680
1681
1682
1684
1686
1686
1687
1689
1691
1695
1697
1697
1698
1699
1700
1700
1700
1701
1704
1704
1706
1706
1706
1706
1707
1707
1707
1708
1708
1710
1711
1712
1714
1714
1715
1715
1717
1720
1721
1723
1723
1724
1724
1725
1726
1726
1727
1727
1728
1729
1729
1729
1732
1732
1732
1733
1735
1737
1737
1737
1738
1738
1739
1741
1741
1743
1747
1748
1754
1756
1758
1760
1762
1762
1763
1763
1763
1764
1765
1765
1767
1768
1769
1770
1771
1774
1774
1775
1776
1777
1777
1778
1779
1779
1779
1781
1781
1784
1788
1789
1790
1793
1793
1794
1794
1795
1796
1799
1799
1800
1801
1801
1802
1802
1803
1804
1806
1806
1806
1807
1808
1808
1809
1811
1812
1813
1813
1813
1814
1815
1815
1817
1818
1818
1818
1818
1820
1820
1821
1823
1823
1823
1825
1826
1826
1827
1827
1828
1828
1828
1830
1831
1831
1832
1833
1836
1837
1837
1837
1839
1839
1841
1843
1843
1844
1845
1845
1846
1846
1849
1849
1849
1851
1852
1852
1853
1853
1853
1854
1854
1857
1858
1859
1859
1861
1862
1863
1864
1864
1865
1866
1866
1867
1869
1870
1871
1871
1871
1875
1878
1878
1878
1879
1879
1879
1880
1882
1884
1884
1885
1885
1887
1888
1890
1891
1893
1893
1893
1897
1898
1898
1898
1899
1899
1901
1903
1904
1905
1905
1905
1906
1906
1907
1908
1909
1909
1910
1911
1911
1911
1912
1912
1914
1914
1914
1914
1916
1917
1919
1919
1919
1920
1921
1924
1924
1925
1925
1927
1931
1932
1934
1936
1937
1939
1939
1945
1945
1946
1947
1948
1948
1949
1952
1954
1954
1955
1956
1957
1958
1959
1959
1959
1960
1960
1961
1962
1967
1968
1970
1970
1970
1974
1974
1974
1975
1977
1977
1978
1978
1979
1981
1984
1984
1984
1985
1985
1986
1988
1989
1995
1995
1998
1999
2000
2000
2002
2003
2003
2004
2005
2005
2005
2007
2008
2008
2009
2011
2012
2014
2014
2014
2015
2017
2019
2020
2020
2021
2021
2022
2023
2024
2026
2027
2028
2030
2030
2031
2032
2033
2033
2035
2035
2037
2037
2039
2041
2043
2044
2047
2048
2049
2050
2050
2050
2050
2053
2053
2058
2058
2060
2061
2061
2063
2063
2064
2065
2065
2066
2069
2071
2071
2071
2071
2072
2073
2073
2074
2075
2075
2079
2079
2079
2080
2081
2083
2084
2084
2087
2087
2087
2090
2092
2092
2095
2095
2096
2097
2097
2098
2099
2099
2100
2102
2102
2103
2103
2105
2109
2109
2110
2111
2112
2113
2118
2118
2120
2123
2124
2125
2126
2126
2127
2127
2131
2134
2135
2135
2135
2135
2137
2138
2139
2140
2141
2141
2142
2144
2145
2147
2151
2153
2153
2154
2154
2154
2154
2155
2156
2157
2157
2157
2158
2158
2159
2159
2159
2159
2160
2160
2161
2162
2162
2162
2164
2165
2166
2167
2168
2168
2168
2169
2170
2170
2170
2171
2173
2174
2174
2177
2177
2178
2178
2178
2179
2180
2180
2180
2180
2181
2181
2183
2188
2188
2189
2189
2190
2190
2192
2194
2195
2195
2195
2195
2197
2199
2199
2200
2201
2202
2206
2210
2211
2214
2214
2216
2216
2216
2217
2219
2221
2223
2224
2226
2226
2227
2228
2229
2232
2232
2232
2233
2234
2236
2236
2237
2240
2242
2243
2243
2245
2246
2246
2247
2248
2249
2250
2251
2251
2251
2255
2255
2256
2257
2258
2258
2259
2259
2260
2260
2261
2261
2261
2262
2262
2264
2265
2265
2265
2268
2268
2269
2269
2269
2270
2271
2272
2274
2277
2277
2278
2279
2279
2280
2280
2280
2282
2282
2284
2284
2286
2286
2287
2287
2287
2287
2288
2288
2288
2289
2290
2290
2290
2292
2293
2293
2294
2296
2298
2300
2300
2300
2301
2303
2304
2305
2305
2310
2311
2312
2312
2313
2313
2316
2317
2318
2319
2320
2320
2320
2321
2325
2325
2326
2327
2327
2331
2335
2335
2336
2339
2339
2340
2341
2344
2345
2347
2349
2350
2350
2351
2352
2352
2353
2354
2355
2355
2355
2356
2356
2356
2359
2360
2361
2361
2363
2363
2364
2366
2366
2368
2369
2369
2369
2369
2372
2372
2374
2374
2375
2376
2377
2378
2378
2382
2382
2383
2384
2386
2387
2389
2389
2392
2393
2394
2394
2394
2395
2396
2396
2396
2396
2396
2398
2399
2400
2402
2403
2403
2403
2406
2407
2407
2407
2407
2408
2408
2408
2409
2410
2410
2411
2412
2412
2413
2418
2418
2419
2422
2423
2423
2425
2425
2426
2427
2429
2430
2430
2432
2433
2434
2434
2436
2437
2439
2439
2444
2445
2445
2450
2451
2451
2451
2454
2454
2458
2459
2460
2460
2461
2462
2463
2463
2463
2467
2467
2468
2469
2469
2470
2472
2473
2473
2476
2477
2477
2478
2479
2479
2479
2479
2480
2481
2482
2482
2483
2485
2486
2486
2487
2487
2492
2494
2495
2495
2496
2497
2497
2497
2499
2500
2500
2501
2501
2501
2501
2502
2502
2503
2503
2505
2507
2507
2509
2510
2511
2512
2512
2512
2513
2514
2514
2515
2515
2515
2515
2517
2517
2520
2523
2524
2525
2529
2529
2529
2530
2531
2532
2533
2533
2535
2535
2536
2537
2537
2538
2539
2540
2540
2540
2541
2542
2543
2546
2548
2549
2551
2552
2552
2554
2555
2557
2560
2561
2562
2562
2563
2565
2565
2566
2567
2567
2569
2569
2569
2570
2571
2573
2574
2574
2576
2577
2577
2577
2579
2579
2580
2581
2581
2582
2582
2583
2583
2583
2584
2586
2586
2587
2588
2590
2590
2590
2591
2591
2593
2596
2596
2598
2599
2602
2603
2603
2603
2604
2604
2605
2606
2607
2607
2607
2608
2608
2610
2614
2615
2616
2617
2617
2618
2618
2619
2620
2621
2621
2621
2623
2623
2624
2626
2626
2626
2629
2629
2630
2631
2633
2634
2634
2634
2634
2634
2636
2636
2638
2640
2642
2646
2647
2648
2648
2649
2651
2651
2654
2655
2655
2658
2659
2659
2660
2661
2663
2663
2664
2664
2665
2668
2669
2672
2672
2674
2674
2674
2675
2676
2677
2678
2678
2679
2680
2684
2685
2686
2686
2687
2687
2690
2690
2692
2692
2693
2693
2694
2694
2696
2698
2700
2702
2703
2704
2705
2705
2706
2706
2707
2707
2707
2708
2708
2708
2710
2710
2711
2713
2713
2714
2714
2716
2717
2718
2718
2718
2719
2719
2721
2722
2723
2724
2725
2725
2727
2734
2734
2735
2735
2736
2736
2737
2737
2738
2738
2740
2741
2743
2744
2745
2745
2746
2748
2748
2750
2751
2752
2752
2754
2754
2755
2755
2756
2757
2757
2757
2759
2761
2762
2764
2766
2767
2771
2771
2771
2772
2773
2773
2776
2776
2776
2778
2780
2780
2782
2783
2786
2787
2787
2787
2790
2791
2792
2793
2798
2800
2803
2803
2805
2806
2806
2808
2811
2811
2813
2813
2815
2815
2816
2816
2816
2816
2816
2816
2821
2821
2822
2823
2824
2824
2824
2825
2826
2826
2826
2827
2829
2829
2830
2831
2833
2833
2833
2834
2835
2835
2835
2838
2839
2841
2841
2842
2843
2843
2845
2845
2847
2848
2852
2853
2854
2855
2858
2860
2860
2860
2861
2863
2869
2874
2874
2875
2875
2876
2876
2879
2881
2885
2885
2886
2886
2887
2887
2888
2888
2888
2888
2888
2889
2889
2890
2892
2893
2896
2896
2897
2898
2901
2901
2902
2902
2902
2903
2903
2905
2905
2908
2909
2912
2916
2917
2917
2917
2917
2918
2919
2920
2923
2924
2925
2926
2926
2928
2931
2932
2934
2935
2936
2937
2938
2938
2939
2939
2940
2942
2944
2944
2945
2946
2948
2948
2949
2949
2949
2950
2951
2951
2952
2952
2953
2953
2953
2953
2954
2954
2954
2955
2956
2959
2963
2965
2965
2965
2966
2967
2970
2971
2972
2972
2973
2974
2974
2975
2975
2975
2976
2977
2979
2980
2980
2980
2981
2981
2982
2983
2983
2985
2985
2986
2987
2988
2988
2989
2989
2990
2990
2993
2994
2996
2996
2996
3000
3000
3001
3002
3003
3003
3004
3006
3006
3007
3007
3007
3008
3009
3009
3009
3009
3013
3015
3016
3017
3018
3019
3019
3020
3021
3021
3021
3024
3024
3027
3027
3028
3029
3031
3031
3033
3037
3039
3040
3040
3043
3045
3048
3048
3048
3050
3051
3052
3053
3053
3056
3056
3058
3058
3061
3061
3062
3062
3063
3069
3070
3071
3072
3073
3076
3077
3079
3081
3081
3081
3084
3084
3084
3085
3086
3088
3088
3088
3090
3090
3090
3092
3094
3095
3095
3096
3096
3098
3102
3103
3106
3106
3108
3110
3112
3112
3116
3117
3118
3118
3119
3119
3120
3121
3122
3122
3123
3123
3128
3131
3134
3134
3134
3135
3135
3136
3137
3143
3143
3144
3145
3146
3149
3149
3151
3152
3152
3152
3153
3153
3153
3154
3154
3156
3156
3159
3159
3161
3161
3162
3163
3164
3165
3165
3167
3168
3169
3170
3173
3173
3175
3176
3177
3177
3179
3180
3180
3180
3182
3184
3184
3185
3187
3189
3189
3189
3194
3195
3201
3202
3203
3203
3204
3205
3206
3206
3206
3209
3209
3209
3209
3210
3210
3210
3210
3211
3216
3217
3219
3220
3221
3222
3223
3223
3224
3225
3226
3227
3228
3229
3229
3229
3231
3232
3233
3236
3236
3238
3239
3240
3241
3241
3242
3244
3246
3246
3247
3247
3249
3249
3249
3250
3250
3250
3252
3252
3253
3259
3260
3261
3261
3261
3262
3262
3263
3266
3268
3268
3272
3275
3275
3276
3276
3279
3280
3282
3283
3284
3285
3285
3286
3287
3288
3291
3292
3292
3294
3294
3296
3297
3297
3297
3298
3298
3300
3302
3304
3305
3306
3306
3306
3307
3307
3308
3308
3309
3310
3311
3314
3317
3317
3319
3319
3322
3322
3322
3323
3323
3323
3325
3325
3327
3330
3330
3330
3331
3332
3333
3334
3335
3335
3335
3336
3336
3338
3338
3340
3342
3342
3343
3344
3346
3347
3348
3348
3348
3348
3348
3348
3350
3353
3353
3353
3355
3357
3357
3359
3359
3360
3364
3364
3364
3366
3366
3367
3372
3373
3374
3374
3374
3375
3375
3376
3377
3379
3379
3381
3382
3383
3385
3386
3387
3388
3388
3390
3390
3391
3391
3391
3393
3394
3395
3395
3396
3396
3397
3397
3397
3398
3398
3399
3399
3399
3400
3402
3403
3403
3404
3405
3405
3407
3408
3410
3412
3413
3413
3413
3418
3418
3419
3420
3421
3421
3421
3423
3423
3423
3424
3425
3425
3427
3429
3429
3431
3432
3432
3432
3434
3434
3435
3436
3437
3438
3439
3439
3440
3440
3441
3441
3442
3443
3443
3446
3446
3450
3450
3451
3451
3451
3454
3457
3459
3459
3460
3463
3464
3464
3466
3467
3467
3468
3468
3469
3471
3472
3472
3473
3473
3474
3475
3475
3476
3477
3478
3478
3478
3478
3481
3482
3482
3483
3483
3487
3489
3489
3489
3489
3490
3492
3494
3494
3495
3496
3496
3497
3498
3498
3498
3499
3499
3501
3501
3501
3504
3505
3506
3508
3510
3510
3512
3513
3514
3515
3515
3515
3516
3516
3517
3517
3520
3521
3521
3522
3523
3524
3524
3524
3525
3525
3526
3526
3527
3528
3529
3530
3530
3530
3530
3531
3533
3533
3535
3537
3539
3540
3542
3545
3545
3547
3548
3548
3549
3549
3551
3551
3551
3551
3552
3552
3552
3553
3556
3560
3560
3561
3563
3563
3563
3564
3567
3567
3567
3567
3568
3568
3572
3572
3572
3572
3573
3573
3575
3575
3576
3577
3578
3578
3578
3579
3580
3581
3583
3585
3585
3586
3589
3590
3590
3590
3591
3592
3593
3593
3594
3594
3596
3599
3600
3602
3605
3606
3607
3608
3608
3609
3610
3612
3612
3614
3614
3614
3615
3615
3616
3616
3617
3618
3618
3619
3620
3620
3621
3622
3624
3625
3626
3626
3627
3629
3629
3629
3630
3630
3632
3632
3634
3634
3635
3635
3637
3639
3640
3641
3645
3647
3647
3648
3648
3648
3649
3649
3649
3649
3650
3650
3652
3652
3654
3655
3658
3661
3661
3661
3663
3663
3664
3665
3667
3668
3670
3670
3671
3671
3671
3672
3674
3675
3678
3680
3681
3682
3683
3684
3685
3686
3686
3687
3687
3687
3688
3688
3689
3689
3690
3692
3693
3693
3693
3694
3695
3696
3698
3698
3699
3700
3700
3700
3702
3710
3710
3713
3715
3716
3718
3719
3720
3720
3721
3722
3722
3722
3723
3724
3725
3728
3728
3728
3728
3729
3729
3729
3730
3731
3731
3732
3732
3732
3732
3733
3733
3734
3736
3741
3741
3741
3741
3742
3744
3744
3745
3746
3746
3746
3747
3747
3747
3748
3749
3751
3751
3751
3752
3752
3752
3753
3754
3756
3756
3757
3759
3759
3760
3760
3761
3762
3763
3764
3765
3765
3766
3767
3767
3767
3768
3770
3770
3771
3772
3772
3774
3777
3777
3778
3778
3779
3781
3782
3782
3787
3787
3789
3791
3791
3795
3798
3798
3799
3801
3803
3803
3804
3805
3807
3808
3808
3808
3809
3810
3810
3812
3814
3815
3816
3817
3818
3818
3819
3821
3823
3823
3823
3824
3824
3824
3825
3825
3826
3827
3828
3829
3838
3842
3842
3843
3845
3845
3846
3851
3851
3852
3854
3854
3856
3856
3857
3857
3858
3858
3859
3862
3863
3864
3870
3873
3874
3874
3875
3878
3879
3879
3880
3881
3881
3882
3883
3885
3886
3888
3889
3889
3890
3890
3890
3891
3891
3892
3893
3893
3893
3894
3896
3903
3905
3905
3906
3908
3909
3909
3909
3909
3913
3914
3915
3916
3917
3917
3918
3919
3920
3921
3921
3921
3922
3925
3925
3925
3927
3929
3929
3930
3933
3936
3938
3943
3944
3945
3946
3946
3947
3947
3948
3948
3950
3950
3951
3955
3957
3958
3959
3959
3961
3962
3964
3971
3972
3972
3973
3975
3979
3981
3983
3984
3985
3986
3986
3987
3987
3987
3989
3989
3989
3990
3993
3994
3996
3996
3996
3998
3999
4001
4001
4001
4003
4006
4007
4008
4008
4010
4011
4014
4014
4014
4015
4015
4016
4017
4017
4017
4017
4018
4018
4018
4019
4022
4026
4027
4027
4027
4028
4029
4031
4031
4031
4032
4032
4032
4034
4034
4034
4035
4035
4037
4037
4040
4040
4040
4041
4042
4044
4044
4044
4044
4046
4047
4048
4048
4048
4049
4051
4051
4052
4052
4054
4054
4055
4059
4060
4062
4062
4064
4064
4064
4065
4065
4066
4068
4068
4069
4069
4070
4070
4071
4071
4071
4072
4072
4075
4077
4078
4078
4080
4080
4081
4083
4083
4084
4084
4084
4084
4084
4085
4086
4087
4092
4093
4093
4096
4096
4096
4097
4098
4099
4101
4102
4102
4102
4103
4103
4104
4104
4106
4108
4108
4111
4112
4114
4115
4116
4116
4117
4118
4118
4119
4119
4120
4121
4122
4123
4123
4124
4124
4124
4125
4125
4125
4125
4125
4126
4127
4128
4130
4131
4132
4133
4134
4135
4135
4135
4135
4135
4139
4140
4140
4141
4144
4144
4146
4148
4148
4149
4152
4152
4153
4154
4155
4155
4156
4157
4159
4160
4160
4162
4164
4166
4167
4169
4171
4171
4171
4172
4173
4176
4177
4181
4184
4185
4185
4185
4186
4187
4188
4188
4188
4188
4188
4188
4190
4191
4193
4193
4194
4194
4194
4195
4195
4196
4196
4196
4197
4200
4201
4202
4202
4204
4204
4205
4206
4206
4207
4207
4208
4208
4208
4210
4210
4210
4212
4214
4214
4215
4216
4216
4216
4219
4221
4222
4222
4224
4225
4226
4228
4229
4229
4231
4231
4233
4233
4234
4238
4238
4240
4242
4242
4244
4245
4245
4247
4247
4248
4249
4249
4249
4250
4250
4250
4251
4252
4253
4253
4254
4254
4256
4257
4257
4258
4260
4261
4261
4263
4264
4266
4267
4268
4268
4268
4268
4269
4269
4270
4271
4271
4271
4274
4274
4277
4277
4278
4279
4281
4281
4282
4282
4285
4285
4287
4287
4291
4291
4292
4295
4297
4297
4298
4298
4302
4302
4303
4305
4308
4308
4309
4309
4311
4311
4313
4314
4318
4318
4318
4324
4325
4325
4326
4327
4328
4328
4330
4331
4336
4337
4339
4340
4340
4341
4342
4343
4344
4345
4346
4347
4347
4352
4353
4355
4355
4356
4356
4357
4358
4360
4361
4361
4363
4363
4365
4366
4367
4367
4372
4374
4376
4376
4379
4381
4381
4381
4381
4383
4384
4384
4385
4385
4386
4388
4389
4391
4393
4393
4394
4394
4394
4394
4396
4397
4397
4397
4398
4398
4399
4400
4400
4400
4402
4402
4403
4403
4405
4405
4408
4409
4410
4410
4411
4414
4415
4416
4419
4419
4421
4422
4422
4422
4423
4423
4425
4425
4426
4426
4428
4429
4430
4430
4431
4432
4433
4433
4434
4435
4435
4435
4436
4437
4437
4438
4438
4444
4444
4445
4446
4446
4448
4449
4449
4450
4450
4451
4453
4454
4455
4455
4456
4456
4459
4459
4459
4460
4461
4462
4463
4463
4463
4466
4467
4468
4469
4469
4470
4470
4471
4475
4475
4476
4481
4481
4482
4483
4483
4485
4485
4487
4488
4488
4490
4491
4491
4491
4492
4492
4493
4493
4493
4494
4494
4494
4494
4494
4495
4495
4496
4497
4499
4500
4501
4501
4502
4502
4503
4506
4510
4511
4512
4512
4512
4514
4514
4515
4517
4517
4517
4520
4520
4521
4521
4523
4523
4526
4526
4527
4527
4532
4534
4536
4536
4537
4538
4540
4540
4543
4544
4546
4546
4546
4546
4548
4548
4549
4550
4551
4551
4554
4555
4556
4557
4557
4558
4558
4558
4559
4562
4562
4562
4564
4566
4566
4567
4568
4568
4570
4570
4571
4571
4572
4572
4572
4573
4573
4574
4574
4574
4574
4574
4575
4575
4576
4576
4576
4577
4578
4578
4579
4580
4580
4580
4580
4582
4582
4583
4584
4585
4585
4586
4587
4590
4590
4591
4592
4593
4594
4594
4596
4596
4598
4601
4601
4601
4602
4604
4604
4605
4605
4606
4607
4608
4609
4609
4609
4610
4611
4611
4611
4612
4613
4615
4615
4615
4618
4620
4620
4622
4625
4626
4626
4629
4630
4631
4632
4632
4635
4636
4636
4637
4637
4639
4639
4640
4642
4644
4645
4646
4647
4649
4649
4649
4650
4651
4654
4655
4656
4658
4660
4661
4661
4661
4664
4664
4664
4666
4667
4669
4670
4672
4672
4672
4673
4673
4674
4675
4676
4677
4678
4678
4679
4682
4682
4683
4683
4684
4684
4685
4685
4685
4685
4686
4688
4688
4688
4690
4693
4694
4696
4697
4697
4697
4699
4699
4700
4700
4701
4701
4701
4702
4703
4706
4707
4709
4711
4713
4714
4714
4715
4716
4717
4717
4717
4718
4719
4720
4720
4720
4721
4722
4723
4725
4726
4730
4730
4730
4731
4732
4732
4733
4733
4733
4735
4735
4735
4738
4739
4740
4741
4741
4743
4745
4749
4750
4750
4750
4750
4750
4751
4751
4751
4752
4752
4754
4756
4757
4757
4758
4758
4763
4764
4765
4765
4765
4765
4767
4768
4770
4770
4770
4773
4773
4773
4774
4775
4776
4776
4776
4777
4777
4778
4779
4779
4780
4781
4782
4783
4784
4784
4784
4784
4785
4785
4787
4789
4791
4792
4793
4793
4794
4794
4796
4797
4798
4798
4799
4800
4800
4800
4802
4802
4803
4804
4806
4806
4806
4806
4807
4807
4808
4809
4809
4810
4813
4815
4818
4819
4820
4822
4822
4822
4823
4823
4824
4824
4824
4825
4825
4825
4826
4826
4827
4828
4828
4830
4830
4830
4834
4834
4834
4836
4837
4837
4839
4840
4842
4845
4848
4849
4850
4850
4851
4851
4852
4853
4853
4853
4854
4854
4855
4855
4855
4855
4856
4856
4857
4857
4858
4859
4859
4862
4863
4866
4866
4866
4867
4867
4869
4869
4870
4871
4874
4874
4874
4875
4877
4878
4882
4883
4886
4887
4887
4887
4890
4890
4891
4891
4893
4896
4897
4897
4898
4899
4900
4900
4900
4901
4901
4901
4901
4904
4905
4907
4908
4911
4916
4916
4917
4919
4919
4922
4923
4924
4926
4929
4929
4930
4930
4933
4933
4934
4936
4937
4937
4937
4940
4942
4945
4946
4947
4947
4950
4951
4956
4959
4959
4960
4961
4961
4963
4964
4965
4966
4966
4968
4968
4972
4973
4974
4974
4975
4975
4976
4976
4977
4977
4979
4980
4982
4982
4983
4985
4985
4986
4987
4987
4990
4990
4990
4991
4994
4994
4994
4998
4998
4999
4999
5000
5001
5001
5001
5004
5005
5009
5011
5012
5012
5013
5016
5018
5021
5022
5023
5024
5024
5025
5026
5026
5028
5029
5030
5032
5032
5032
5034
5035
5036
5036
5038
5038
5041
5041
5041
5042
5042
5042
5042
5043
5044
5046
5046
5048
5048
5048
5048
5049
5049
5049
5050
5052
5053
5054
5056
5057
5057
5057
5058
5058
5060
5063
5064
5067
5067
5068
5070
5070
5071
5073
5074
5075
5075
5076
5077
5077
5079
5079
5079
5081
5082
5082
5083
5083
5083
5084
5084
5085
5086
5086
5087
5088
5088
5088
5088
5089
5090
5091
5091
5092
5092
5094
5094
5095
5095
5095
5096
5096
5097
5099
5099
5099
5103
5103
5104
5106
5109
5110
5110
5110
5111
5111
5112
5112
5112
5113
5113
5115
5115
5115
5117
5117
5119
5122
5123
5125
5125
5126
5128
5130
5130
5131
5132
5134
5134
5135
5136
5136
5137
5140
5140
5140
5141
5141
5146
5149
5150
5150
5150
5151
5151
5151
5153
5153
5153
5154
5155
5156
5158
5160
5161
5162
5163
5163
5167
5169
5169
5169
5170
5171
5172
5172
5176
5176
5177
5178
5178
5178
5178
5179
5179
5179
5180
5181
5182
5182
5183
5184
5185
5185
5187
5190
5191
5192
5192
5194
5197
5199
5200
5201
5201
5201
5202
5204
5205
5207
5207
5209
5209
5209
5209
5210
5211
5213
5214
5214
5215
5215
5217
5217
5218
5218
5218
5219
5219
5220
5222
5222
5222
5223
5223
5224
5227
5228
5228
5228
5229
5230
5231
5232
5232
5233
5233
5234
5235
5240
5242
5244
5245
5245
5246
5246
5246
5246
5248
5248
5249
5249
5250
5250
5252
5253
5253
5255
5256
5256
5257
5258
5258
5259
5259
5259
5260
5260
5261
5263
5264
5265
5266
5267
5267
5267
5267
5268
5268
5268
5269
5270
5270
5272
5272
5274
5274
5275
5275
5276
5277
5277
5277
5279
5279
5280
5280
5281
5282
5285
5286
5286
5287
5289
5289
5290
5292
5295
5297
5298
5299
5300
5300
5303
5303
5303
5304
5304
5304
5306
5306
5307
5308
5311
5312
5313
5313
5315
5319
5320
5321
5322
5324
5325
5325
5327
5330
5331
5333
5333
5334
5337
5337
5338
5339
5339
5339
5339
5340
5341
5342
5342
5343
5344
5345
5345
5347
5349
5351
5352
5353
5354
5356
5356
5357
5357
5358
5358
5358
5360
5360
5363
5365
5366
5367
5368
5368
5369
5369
5372
5374
5375
5378
5382
5382
5383
5385
5385
5388
5388
5388
5390
5390
5391
5393
5394
5399
5400
5400
5402
5404
5405
5406
5406
5406
5407
5408
5408
5409
5409
5410
5410
5413
5414
5414
5415
5415
5417
5418
5419
5419
5420
5420
5421
5421
5422
5423
5423
5423
5423
5424
5427
5429
5433
5434
5436
5436
5436
5438
5443
5443
5443
5443
5444
5444
5445
5446
5446
5448
5449
5449
5451
5452
5453
5456
5456
5457
5460
5461
5462
5463
5463
5463
5464
5465
5466
5469
5471
5473
5473
5474
5475
5478
5478
5478
5479
5480
5483
5485
5487
5487
5489
5489
5491
5491
5493
5495
5495
5496
5496
5496
5498
5499
5500
5501
5502
5502
5503
5505
5506
5507
5513
5516
5516
5517
5520
5521
5521
5522
5523
5524
5524
5525
5526
5526
5526
5527
5529
5529
5532
5535
5536
5536
5537
5537
5538
5538
5539
5539
5543
5544
5544
5544
5545
5547
5547
5548
5549
5549
5549
5550
5551
5552
5552
5555
5556
5556
5556
5557
5558
5560
5566
5569
5570
5570
5571
5571
5571
5571
5572
5572
5572
5573
5573
5575
5575
5577
5577
5579
5580
5580
5583
5583
5585
5585
5585
5585
5585
5585
5587
5587
5587
5587
5587
5590
5590
5592
5593
5595
5595
5595
5597
5597
5598
5599
5599
5599
5600
5601
5601
5602
5603
5604
5607
5607
5607
5608
5609
5612
5612
5614
5615
5615
5615
5615
5616
5617
5618
5618
5620
5622
5622
5622
5623
5623
5623
5624
5627
5629
5629
5629
5630
5631
5632
5634
5634
5635
5639
5639
5641
5644
5645
5645
5646
5646
5646
5647
5648
5649
5651
5652
5652
5653
5654
5654
5656
5656
5656
5657
5657
5660
5660
5662
5662
5663
5663
5663
5663
5665
5665
5666
5669
5673
5673
5675
5677
5679
5682
5682
5682
5684
5684
5684
5685
5686
5687
5688
5688
5688
5692
5693
5693
5698
5700
5700
5700
5700
5703
5703
5703
5703
5705
5705
5706
5706
5708
5709
5710
5712
5714
5716
5719
5719
5719
5720
5721
5721
5724
5725
5725
5726
5727
5729
5730
5732
5733
5734
5737
5737
5738
5740
5741
5741
5742
5745
5746
5748
5748
5748
5749
5750
5750
5753
5754
5755
5755
5755
5755
5756
5757
5759
5760
5762
5762
5763
5764
5764
5765
5766
5767
5768
5768
5770
5771
5771
5772
5772
5773
5774
5774
5774
5774
5775
5776
5777
5778
5779
5781
5784
5785
5785
5787
5790
5792
5792
5793
5793
5795
5796
5796
5797
5797
5797
5798
5799
5799
5800
5800
5801
5801
5801
5802
5803
5804
5804
5805
5805
5806
5806
5808
5809
5810
5811
5811
5811
5811
5812
5814
5815
5816
5818
5818
5818
5819
5820
5821
5821
5822
5822
5825
5826
5827
5827
5830
5830
5831
5832
5832
5834
5836
5837
5839
5839
5839
5840
5840
5843
5844
5844
5844
5844
5845
5845
5846
5848
5850
5852
5852
5853
5853
5854
5855
5855
5856
5857
5859
5861
5861
5861
5861
5862
5863
5863
5863
5865
5865
5866
5866
5866
5868
5868
5868
5869
5869
5870
5872
5872
5873
5874
5875
5875
5877
5878
5878
5879
5879
5881
5882
5885
5887
5887
5888
5889
5891
5891
5892
5893
5893
5893
5894
5895
5895
5895
5898
5898
5898
5899
5899
5900
5903
5905
5906
5906
5910
5910
5914
5914
5915
5917
5917
5917
5917
5921
5922
5922
5922
5923
5924
5925
5928
5928
5928
5928
5929
5931
5932
5932
5932
5932
5933
5934
5935
5937
5938
5940
5940
5942
5944
5944
5945
5945
5945
5947
5948
5948
5949
5951
5953
5954
5955
5956
5957
5957
5958
5959
5959
5960
5961
5962
5962
5963
5963
5964
5966
5966
5967
5967
5968
5968
5969
5970
5970
5973
5974
5974
5976
5977
5979
5980
5981
5981
5981
5981
5982
5982
5982
5985
5987
5988
5988
5990
5990
5992
5992
5994
5994
5995
5997
5997
5998
5999
5999
5999
5999
6000
6002
6002
6002
6002
6002
6004
6004
6005
6006
6007
6008
6008
6009
6010
6011
6011
6015
6016
6017
6017
6018
6018
6018
6018
6019
6019
6019
6019
6022
6022
6023
6023
6026
6028
6030
6030
6031
6031
6032
6032
6033
6033
6035
6035
6035
6035
6035
6036
6037
6037
6038
6038
6038
6041
6041
6041
6043
6043
6043
6044
6047
6048
6048
6048
6051
6054
6054
6055
6056
6058
6059
6059
6061
6062
6062
6062
6062
6062
6063
6064
6064
6065
6066
6066
6067
6069
6069
6071
6072
6074
6074
6074
6074
6075
6075
6075
6075
6076
6076
6081
6082
6083
6084
6086
6088
6091
6091
6092
6093
6093
6094
6094
6095
6095
6095
6096
6096
6097
6097
6097
6097
6098
6099
6101
6101
6101
6103
6103
6103
6106
6106
6108
6109
6109
6112
6115
6116
6116
6116
6117
6117
6119
6119
6120
6120
6121
6122
6122
6123
6124
6127
6127
6127
6127
6127
6129
6132
6133
6133
6133
6134
6137
6140
6140
6141
6145
6146
6147
6148
6153
6155
6155
6156
6156
6157
6159
6160
6161
6161
6162
6163
6164
6166
6167
6168
6168
6170
6171
6174
6174
6175
6177
6177
6177
6178
6179
6180
6182
6182
6185
6187
6187
6188
6190
6190
6191
6191
6192
6194
6199
6199
6200
6201
6202
6203
6204
6205
6205
6209
6214
6214
6216
6216
6217
6217
6220
6222
6223
6223
6224
6225
6225
6225
6225
6229
6231
6233
6233
6234
6237
6237
6237
6240
6241
6242
6242
6242
6242
6243
6243
6243
6243
6247
6248
6249
6250
6250
6252
6253
6255
6255
6256
6257
6258
6258
6259
6259
6259
6260
6261
6262
6262
6263
6264
6264
6264
6264
6265
6265
6266
6266
6267
6267
6269
6269
6272
6272
6273
6276
6277
6277
6278
6279
6279
6281
6281
6282
6284
6285
6286
6287
6289
6293
6293
6294
6300
6301
6304
6310
6311
6312
6313
6314
6314
6315
6316
6317
6317
6320
6321
6321
6322
6325
6325
6328
6330
6332
6332
6332
6336
6336
6337
6338
6339
6340
6340
6342
6344
6346
6347
6348
6349
6350
6351
6353
6353
6354
6355
6357
6357
6358
6360
6361
6363
6364
6365
6366
6366
6366
6367
6369
6370
6371
6372
6372
6373
6373
6373
6373
6374
6374
6374
6375
6376
6379
6381
6382
6382
6383
6385
6390
6390
6391
6392
6392
6394
6395
6396
6397
6398
6399
6399
6399
6400
6400
6401
6402
6405
6406
6407
6409
6410
6410
6411
6414
6416
6417
6417
6419
6420
6421
6422
6422
6423
6424
6424
6424
6424
6425
6426
6430
6433
6435
6436
6436
6438
6438
6439
6441
6442
6442
6443
6443
6444
6444
6445
6447
6448
6448
6449
6450
6451
6451
6452
6452
6453
6456
6456
6457
6458
6460
6460
6461
6461
6463
6464
6469
6470
6471
6472
6472
6473
6475
6475
6476
6476
6478
6478
6479
6482
6483
6485
6488
6488
6488
6488
6489
6489
6490
6490
6492
6492
6492
6493
6493
6495
6495
6497
6500
6501
6503
6505
6505
6505
6506
6506
6509
6515
6519
6520
6523
6524
6525
6525
6526
6526
6528
6531
6532
6532
6533
6533
6534
6535
6538
6538
6539
6539
6540
6540
6541
6543
6545
6546
6546
6547
6547
6547
6551
6552
6553
6553
6554
6554
6556
6557
6557
6558
6560
6561
6562
6562
6563
6563
6563
6564
6565
6565
6565
6568
6569
6571
6573
6574
6574
6575
6575
6577
6577
6580
6582
6583
6584
6584
6584
6587
6589
6589
6590
6590
6591
6591
6594
6594
6597
6600
6601
6601
6602
6603
6603
6604
6606
6607
6610
6611
6613
6615
6615
6618
6619
6620
6621
6621
6623
6623
6623
6624
6626
6626
6627
6627
6628
6628
6628
6630
6630
6632
6633
6633
6634
6636
6636
6637
6637
6639
6640
6641
6642
6643
6644
6645
6645
6646
6651
6652
6653
6653
6653
6654
6655
6656
6656
6658
6658
6659
6660
6660
6663
6663
6663
6664
6664
6666
6666
6668
6668
6669
6670
6672
6672
6672
6673
6674
6675
6675
6676
6677
6678
6678
6679
6679
6681
6682
6682
6683
6684
6685
6685
6686
6686
6687
6687
6689
6691
6692
6693
6693
6695
6695
6696
6696
6696
6699
6699
6702
6703
6704
6704
6706
6707
6710
6711
6711
6712
6712
6712
6712
6713
6713
6713
6715
6715
6715
6716
6717
6718
6719
6722
6722
6723
6723
6724
6725
6726
6730
6730
6731
6731
6732
6733
6735
6737
6737
6740
6740
6740
6744
6746
6748
6748
6748
6748
6749
6751
6751
6751
6753
6754
6754
6757
6757
6758
6759
6759
6759
6759
6759
6762
6765
6766
6767
6768
6768
6769
6769
6770
6770
6773
6774
6776
6777
6778
6781
6781
6782
6784
6784
6786
6789
6791
6792
6793
6794
6797
6797
6798
6798
6798
6799
6800
6800
6801
6803
6805
6806
6808
6808
6809
6810
6812
6813
6813
6816
6816
6817
6818
6819
6819
6820
6821
6822
6823
6823
6827
6830
6830
6830
6831
6831
6832
6832
6834
6836
6836
6838
6838
6839
6842
6842
6846
6847
6847
6848
6848
6848
6849
6852
6852
6853
6854
6855
6857
6857
6859
6859
6860
6860
6861
6863
6864
6866
6866
6867
6868
6869
6869
6869
6869
6870
6871
6874
6874
6874
6877
6880
6880
6880
6881
6882
6882
6882
6883
6884
6884
6885
6888
6888
6888
6889
6890
6890
6891
6891
6892
6892
6893
6896
6901
6902
6903
6904
6904
6905
6907
6908
6909
6910
6910
6911
6911
6912
6914
6919
6920
6922
6924
6925
6929
6930
6930
6934
6936
6937
6938
6939
6939
6940
6941
6943
6945
6946
6947
6947
6949
6949
6951
6951
6952
6954
6955
6955
6955
6958
6958
6966
6966
6966
6967
6967
6967
6968
6968
6969
6969
6970
6971
6972
6974
6976
6977
6977
6977
6978
6980
6982
6983
6983
6985
6985
6985
6986
6989
6989
6990
6991
6991
6991
6993
6993
6993
6994
6994
6996
6996
6999
7000
7001
7002
7002
7004
7005
7007
7007
7008
7008
7008
7009
7011
7013
7014
7015
7015
7015
7016
7017
7019
7019
7022
7023
7024
7024
7024
7025
7027
7028
7030
7031
7032
7035
7037
7040
7046
7046
7047
7047
7047
7048
7051
7051
7052
7054
7054
7056
7057
7058
7059
7060
7060
7061
7061
7063
7063
7064
7065
7068
7070
7072
7072
7072
7073
7073
7074
7075
7076
7077
7077
7079
7079
7080
7084
7085
7086
7086
7087
7090
7091
7092
7094
7094
7094
7096
7096
7097
7097
7097
7100
7101
7103
7104
7108
7110
7110
7111
7113
7113
7113
7115
7116
7116
7116
7119
7119
7120
7121
7122
7122
7123
7124
7126
7127
7128
7129
7129
7130
7131
7132
7133
7134
7135
7138
7139
7141
7141
7141
7142
7145
7145
7147
7149
7150
7151
7152
7152
7152
7153
7153
7154
7157
7157
7158
7162
7164
7165
7166
7166
7166
7168
7169
7170
7171
7174
7175
7176
7178
7178
7180
7180
7181
7182
7183
7184
7185
7186
7188
7188
7188
7189
7191
7193
7193
7194
7195
7195
7195
7196
7196
7197
7198
7201
7202
7202
7203
7204
7204
7204
7206
7206
7207
7207
7209
7209
7212
7213
7215
7215
7215
7217
7217
7218
7220
7222
7223
7224
7224
7225
7225
7226
7227
7229
7232
7232
7235
7235
7236
7236
7237
7237
7237
7240
7241
7242
7243
7244
7245
7246
7247
7247
7248
7251
7252
7254
7257
7257
7258
7258
7259
7261
7261
7261
7261
7261
7263
7264
7265
7265
7267
7267
7268
7269
7269
7271
7271
7271
7273
7273
7273
7274
7277
7278
7281
7282
7283
7288
7288
7291
7291
7293
7294
7294
7294
7294
7295
7295
7295
7295
7296
7296
7296
7300
7301
7301
7301
7302
7302
7304
7305
7308
7310
7310
7311
7312
7312
7312
7312
7314
7315
7315
7317
7317
7318
7319
7320
7320
7321
7321
7321
7322
7322
7322
7325
7328
7329
7330
7330
7331
7334
7335
7336
7336
7337
7338
7338
7339
7339
7340
7340
7340
7341
7341
7341
7341
7343
7345
7346
7346
7346
7348
7349
7349
7350
7350
7351
7353
7354
7355
7355
7356
7357
7358
7358
7361
7361
7361
7361
7363
7363
7364
7367
7368
7370
7372
7376
7376
7377
7378
7378
7378
7379
7379
7379
7380
7381
7383
7384
7384
7384
7384
7387
7387
7388
7389
7391
7391
7393
7393
7394
7395
7396
7397
7397
7397
7398
7398
7398
7399
7399
7401
7402
7402
7403
7403
7404
7404
7405
7405
7406
7407
7408
7410
7411
7412
7412
7415
7416
7418
7419
7420
7421
7422
7424
7425
7425
7427
7428
7428
7429
7429
7430
7431
7431
7432
7434
7436
7437
7438
7441
7442
7442
7443
7443
7444
7444
7445
7445
7446
7447
7448
7448
7449
7452
7457
7457
7458
7459
7460
7463
7464
7464
7464
7465
7465
7466
7466
7466
7467
7469
7469
7469
7469
7471
7471
7475
7476
7476
7477
7479
7479
7479
7480
7481
7482
7482
7483
7483
7488
7489
7492
7493
7493
7495
7496
7496
7496
7498
7499
7500
7502
7503
7503
7504
7504
7506
7507
7507
7508
7508
7509
7510
7513
7513
7515
7516
7517
7519
7520
7520
7520
7521
7522
7523
7525
7526
7527
7528
7529
7529
7530
7531
7532
7534
7538
7539
7539
7540
7541
7542
7542
7544
7547
7548
7548
7549
7550
7551
7552
7552
7552
7553
7554
7554
7556
7557
7558
7558
7560
7560
7562
7562
7562
7563
7564
7565
7566
7566
7567
7567
7571
7571
7573
7573
7573
7574
7575
7577
7578
7578
7579
7579
7579
7579
7580
7582
7582
7582
7583
7585
7586
7591
7591
7592
7593
7593
7593
7594
7594
7595
7595
7595
7597
7597
7599
7599
7599
7600
7601
7603
7604
7605
7607
7608
7609
7610
7613
7614
7614
7614
7618
7620
7620
7621
7622
7623
7623
7624
7625
7625
7625
7628
7629
7629
7630
7630
7633
7634
7634
7636
7637
7637
7638
7638
7638
7640
7642
7643
7644
7644
7646
7646
7647
7647
7648
7648
7649
7650
7651
7653
7654
7654
7654
7654
7655
7658
7659
7659
7660
7660
7661
7662
7662
7663
7665
7665
7669
7669
7671
7672
7672
7673
7673
7674
7674
7678
7678
7679
7679
7680
7680
7681
7682
7682
7684
7684
7684
7686
7687
7687
7687
7688
7688
7690
7690
7690
7690
7691
7692
7693
7694
7695
7695
7695
7696
7696
7696
7696
7697
7698
7701
7704
7705
7705
7705
7705
7706
7708
7711
7712
7712
7713
7715
7716
7717
7717
7718
7719
7719
7720
7722
7722
7724
7724
7725
7725
7726
7726
7726
7727
7728
7729
7731
7732
7732
7735
7736
7736
7736
7737
7737
7739
7739
7740
7740
7741
7742
7743
7744
7744
7744
7746
7747
7749
7749
7750
7751
7752
7752
7755
7755
7757
7758
7758
7764
7765
7766
7767
7767
7767
7769
7770
7770
7772
7773
7773
7775
7776
7776
7778
7780
7780
7780
7780
7781
7781
7782
7782
7782
7786
7788
7789
7792
7792
7793
7794
7795
7796
7796
7798
7798
7799
7800
7800
7802
7803
7803
7804
7804
7806
7806
7806
7807
7811
7812
7812
7814
7814
7814
7814
7815
7815
7815
7815
7816
7819
7821
7821
7821
7823
7824
7826
7826
7826
7828
7829
7830
7831
7832
7832
7835
7835
7836
7837
7837
7838
7840
7842
7842
7843
7845
7846
7847
7847
7847
7848
7849
7849
7849
7850
7851
7853
7856
7856
7856
7857
7859
7860
7860
7861
7864
7869
7869
7870
7870
7871
7871
7872
7873
7873
7873
7874
7874
7874
7876
7877
7878
7882
7883
7883
7885
7885
7886
7887
7887
7889
7889
7890
7891
7892
7892
7894
7897
7897
7897
7900
7901
7902
7903
7906
7906
7906
7907
7908
7908
7910
7911
7911
7912
7912
7912
7913
7915
7916
7917
7920
7921
7921
7924
7924
7925
7925
7928
7930
7932
7933
7935
7936
7937
7938
7939
7939
7940
7940
7941
7944
7944
7944
7944
7944
7945
7946
7946
7947
7948
7948
7948
7950
7951
7952
7953
7954
7955
7956
7958
7959
7959
7959
7960
7961
7962
7963
7963
7964
7966
7967
7968
7970
7971
7971
7972
7972
7972
7973
7974
7975
7976
7977
7977
7977
7977
7978
7978
7979
7979
7979
7982
7983
7983
7986
7986
7987
7987
7988
7988
7989
7989
7992
7993
7993
7994
7994
7995
7995
7996
7997
7998
7999
7999
7999
7999
8001
8002
8002
8002
8004
8005
8006
8007
8009
8010
8012
8014
8014
8014
8015
8015
8016
8016
8017
8017
8018
8018
8020
8021
8022
8023
8023
8024
8026
8026
8027
8027
8029
8030
8031
8032
8035
8036
8039
8039
8039
8042
8044
8045
8047
8048
8048
8050
8050
8052
8052
8052
8053
8053
8055
8056
8056
8058
8059
8059
8062
8063
8064
8065
8070
8071
8075
8075
8075
8075
8077
8080
8082
8085
8085
8089
8092
8092
8093
8093
8094
8094
8094
8096
8096
8096
8097
8098
8099
8099
8100
8101
8101
8103
8105
8106
8106
8108
8108
8109
8109
8112
8116
8117
8117
8118
8118
8119
8119
8120
8121
8121
8122
8124
8124
8125
8126
8129
8132
8132
8133
8133
8134
8134
8135
8135
8137
8137
8138
8140
8140
8142
8144
8144
8144
8148
8151
8151
8153
8154
8157
8157
8159
8159
8160
8160
8160
8160
8162
8162
8162
8162
8163
8165
8166
8167
8170
8170
8171
8171
8172
8174
8174
8174
8175
8175
8176
8176
8176
8177
8177
8185
8186
8188
8189
8190
8192
8192
8193
8194
8195
8196
8196
8197
8197
8199
8202
8202
8202
8204
8205
8208
8211
8212
8212
8212
8212
8213
8213
8214
8214
8216
8216
8216
8217
8217
8217
8218
8218
8218
8220
8221
8221
8222
8223
8225
8226
8226
8227
8227
8227
8230
8232
8232
8232
8234
8235
8235
8236
8236
8237
8237
8237
8240
8241
8241
8242
8243
8244
8244
8245
8245
8246
8246
8249
8250
8252
8252
8254
8254
8254
8254
8256
8256
8256
8257
8258
8260
8262
8262
8262
8262
8263
8263
8263
8263
8263
8263
8265
8266
8268
8268
8269
8269
8271
8271
8272
8272
8273
8274
8274
8276
8277
8278
8279
8279
8281
8281
8281
8284
8285
8287
8290
8290
8290
8291
8291
8291
8292
8292
8292
8293
8293
8296
8296
8297
8298
8299
8301
8301
8301
8303
8304
8304
8305
8307
8308
8308
8308
8308
8309
8309
8310
8310
8311
8311
8312
8312
8313
8314
8317
8317
8318
8319
8319
8320
8321
8321
8322
8323
8324
8326
8332
8339
8341
8341
8344
8345
8345
8346
8346
8346
8347
8347
8351
8352
8352
8356
8356
8356
8359
8360
8361
8363
8363
8363
8364
8366
8366
8367
8373
8373
8373
8374
8375
8376
8377
8377
8378
8378
8379
8380
8380
8382
8384
8384
8388
8388
8389
8389
8390
8392
8392
8392
8393
8395
8395
8395
8396
8396
8398
8398
8398
8399
8399
8400
8400
8403
8405
8406
8407
8407
8408
8410
8410
8411
8411
8411
8412
8412
8414
8414
8416
8417
8417
8418
8419
8420
8420
8420
8422
8423
8423
8424
8424
8426
8428
8428
8428
8429
8432
8432
8433
8433
8434
8434
8436
8437
8437
8439
8440
8441
8443
8444
8444
8444
8444
8445
8445
8446
8446
8448
8449
8453
8454
8455
8455
8456
8458
8458
8459
8459
8459
8460
8461
8462
8462
8464
8464
8464
8464
8465
8466
8466
8467
8470
8471
8471
8472
8475
8476
8477
8477
8477
8480
8481
8481
8481
8482
8482
8482
8483
8485
8485
8485
8485
8485
8486
8489
8490
8490
8491
8491
8492
8492
8492
8493
8494
8494
8495
8497
8498
8498
8499
8499
8501
8502
8505
8506
8506
8507
8507
8509
8512
8512
8512
8513
8514
8516
8519
8521
8522
8522
8523
8523
8523
8524
8524
8524
8525
8526
8527
8528
8529
8529
8530
8532
8533
8533
8533
8533
8533
8534
8535
8535
8535
8536
8536
8538
8538
8538
8539
8539
8541
8541
8541
8542
8544
8546
8546
8549
8549
8550
8551
8551
8555
8556
8556
8557
8558
8558
8559
8559
8560
8560
8563
8564
8564
8566
8567
8567
8568
8569
8570
8571
8571
8571
8574
8574
8575
8575
8576
8576
8578
8578
8579
8579
8580
8581
8581
8585
8587
8587
8588
8590
8590
8591
8593
8594
8595
8596
8599
8602
8602
8605
8606
8607
8608
8608
8609
8610
8611
8612
8612
8616
8616
8616
8617
8618
8619
8621
8623
8623
8625
8625
8627
8627
8627
8628
8629
8629
8631
8632
8632
8633
8634
8634
8635
8636
8637
8638
8638
8641
8642
8642
8644
8646
8646
8647
8648
8649
8650
8650
8650
8651
8654
8654
8656
8657
8657
8657
8657
8657
8658
8658
8659
8659
8659
8660
8661
8661
8662
8662
8665
8666
8666
8667
8668
8670
8674
8676
8677
8678
8680
8680
8681
8682
8684
8685
8685
8687
8687
8688
8688
8689
8691
8691
8692
8694
8696
8697
8697
8700
8701
8702
8702
8703
8704
8705
8705
8706
8706
8710
8711
8711
8712
8713
8713
8717
8717
8718
8718
8719
8719
8719
8723
8723
8724
8725
8726
8727
8728
8729
8730
8731
8732
8732
8733
8734
8736
8737
8737
8738
8738
8738
8739
8740
8740
8741
8742
8743
8744
8745
8745
8745
8746
8746
8747
8747
8747
8747
8751
8751
8752
8752
8754
8754
8755
8756
8757
8757
8757
8757
8757
8758
8760
8762
8763
8764
8765
8765
8769
8770
8770
8771
8771
8772
8773
8774
8774
8774
8775
8775
8776
8776
8780
8780
8786
8788
8789
8789
8790
8791
8791
8793
8793
8793
8794
8797
8798
8798
8799
8799
8799
8800
8801
8803
8804
8807
8808
8808
8809
8809
8810
8811
8811
8812
8812
8814
8815
8821
8821
8821
8822
8822
8823
8823
8826
8826
8827
8828
8829
8830
8832
8832
8834
8835
8836
8836
8836
8837
8838
8838
8839
8842
8842
8842
8845
8846
8846
8848
8851
8851
8851
8852
8854
8854
8855
8856
8856
8857
8859
8860
8861
8862
8863
8863
8863
8865
8866
8867
8868
8869
8869
8870
8871
8873
8877
8878
8879
8880
8880
8883
8883
8885
8886
8886
8887
8888
8889
8889
8889
8890
8891
8891
8892
8893
8893
8893
8893
8893
8896
8896
8900
8903
8903
8904
8904
8904
8905
8905
8906
8906
8908
8909
8909
8909
8909
8910
8915
8917
8920
8921
8921
8922
8924
8925
8925
8928
8928
8928
8930
8930
8931
8931
8931
8932
8932
8933
8934
8934
8935
8935
8937
8937
8938
8938
8939
8940
8940
8942
8942
8942
8942
8943
8943
8944
8944
8946
8953
8953
8953
8956
8956
8957
8959
8961
8961
8962
8963
8964
8966
8967
8968
8968
8970
8972
8976
8979
8979
8979
8981
8981
8983
8983
8983
8983
8984
8984
8985
8986
8988
8989
8990
8991
8992
8994
8998
9003
9004
9006
9006
9006
9007
9007
9007
9010
9020
9020
9026
9027
9028
9028
9028
9029
9030
9031
9031
9032
9032
9033
9034
9035
9036
9037
9037
9038
9038
9039
9043
9043
9045
9045
9045
9047
9051
9051
9051
9051
9054
9055
9055
9056
9057
9058
9059
9059
9059
9060
9063
9064
9065
9070
9074
9074
9074
9075
9075
9075
9075
9075
9075
9076
9077
9077
9078
9080
9085
9085
9086
9086
9087
9087
9092
9092
9093
9095
9097
9106
9106
9106
9109
9110
9112
9114
9115
9115
9117
9118
9118
9118
9118
9118
9120
9122
9122
9123
9126
9127
9128
9129
9130
9134
9136
9140
9140
9142
9142
9143
9143
9144
9145
9147
9148
9148
9149
9149
9150
9152
9152
9153
9153
9156
9158
9158
9159
9160
9160
9160
9161
9162
9165
9165
9165
9167
9168
9169
9170
9170
9172
9172
9172
9172
9172
9173
9173
9174
9174
9175
9176
9177
9179
9179
9180
9180
9181
9182
9182
9183
9183
9184
9184
9186
9188
9188
9188
9189
9190
9191
9192
9194
9194
9195
9197
9197
9197
9202
9203
9203
9204
9205
9206
9206
9206
9207
9208
9210
9211
9212
9213
9213
9215
9216
9216
9217
9217
9217
9218
9218
9220
9220
9220
9222
9223
9224
9226
9226
9228
9229
9231
9233
9234
9235
9236
9237
9237
9239
9239
9240
9240
9241
9242
9242
9242
9242
9243
9245
9245
9246
9247
9247
9250
9250
9251
9252
9255
9255
9262
9262
9264
9265
9266
9269
9270
9271
9272
9273
9274
9276
9276
9276
9277
9278
9281
9282
9282
9283
9284
9286
9286
9286
9287
9288
9288
9290
9293
9295
9295
9296
9298
9300
9301
9301
9303
9304
9306
9306
9307
9308
9309
9310
9311
9312
9312
9312
9313
9313
9314
9315
9316
9318
9319
9319
9321
9325
9325
9326
9327
9328
9328
9329
9330
9330
9331
9331
9332
9333
9333
9334
9335
9342
9342
9342
9345
9345
9345
9346
9346
9346
9349
9349
9350
9353
9353
9355
9356
9356
9358
9359
9360
9362
9363
9364
9365
9368
9368
9368
9369
9369
9370
9372
9372
9372
9373
9373
9374
9379
9379
9380
9380
9381
9383
9384
9385
9387
9388
9389
9389
9389
9391
9391
9391
9391
9393
9394
9395
9396
9396
9399
9400
9400
9401
9401
9401
9402
9404
9405
9407
9407
9410
9410
9413
9414
9414
9414
9415
9416
9418
9418
9420
9420
9421
9422
9424
9424
9424
9425
9425
9429
9429
9429
9431
9431
9432
9435
9436
9437
9440
9440
9440
9440
9443
9444
9445
9445
9447
9448
9449
9449
9449
9450
9450
9450
9452
9454
9454
9455
9460
9460
9461
9463
9465
9465
9465
9466
9467
9469
9471
9471
9472
9473
9473
9475
9475
9476
9476
9477
9477
9479
9480
9480
9480
9481
9481
9484
9485
9485
9487
9488
9490
9491
9493
9493
9496
9498
9499
9502
9504
9507
9507
9511
9511
9514
9515
9516
9518
9519
9519
9519
9520
9521
9521
9521
9521
9521
9521
9522
9522
9525
9525
9528
9528
9529
9530
9530
9531
9531
9532
9535
9537
9538
9538
9539
9542
9543
9543
9544
9545
9545
9545
9546
9549
9550
9555
9555
9556
9556
9557
9559
9559
9560
9563
9566
9566
9566
9566
9568
9569
9570
9572
9572
9573
9573
9576
9576
9577
9578
9580
9583
9585
9585
9585
9586
9586
9588
9589
9592
9592
9592
9593
9593
9594
9595
9595
9596
9598
9598
9598
9599
9601
9604
9604
9605
9607
9607
9608
9609
9609
9609
9610
9611
9613
9613
9615
9616
9619
9620
9620
9622
9622
9623
9623
9624
9628
9632
9633
9633
9633
9634
9636
9636
9636
9636
9637
9641
9643
9643
9644
9645
9646
9646
9646
9647
9648
9648
9650
9651
9653
9654
9654
9656
9657
9658
9660
9662
9664
9667
9668
9669
9671
9672
9674
9674
9675
9676
9677
9680
9681
9682
9683
9684
9685
9686
9686
9686
9686
9687
9688
9691
9692
9693
9694
9695
9700
9700
9701
9701
9701
9702
9702
9702
9703
9704
9707
9708
9710
9711
9713
9713
9713
9714
9715
9716
9717
9718
9719
9719
9719
9720
9722
9723
9724
9727
9727
9727
9727
9729
9731
9735
9735
9737
9738
9740
9740
9741
9741
9743
9745
9747
9748
9749
9749
9750
9753
9753
9754
9754
9755
9756
9760
9761
9761
9763
9764
9764
9766
9768
9769
9772
9774
9775
9775
9780
9781
9783
9783
9783
9785
9785
9785
9789
9789
9793
9793
9793
9794
9795
9795
9797
9797
9797
9800
9801
9802
9802
9804
9804
9804
9806
9807
9809
9809
9811
9812
9813
9815
9817
9817
9818
9820
9820
9822
9825
9825
9826
9829
9829
9830
9832
9833
9833
9833
9834
9834
9834
9837
9838
9839
9841
9842
9842
9844
9845
9846
9846
9847
9847
9847
9848
9848
9849
9849
9852
9852
9853
9854
9854
9855
9857
9857
9857
9858
9858
9859
9860
9860
9860
9863
9864
9866
9870
9873
9874
9875
9875
9875
9875
9879
9879
9879
9879
9881
9881
9881
9882
9882
9882
9884
9885
9887
9888
9888
9890
9891
9893
9893
9894
9895
9895
9896
9897
9899
9899
9901
9902
9902
9903
9903
9904
9904
9905
9905
9905
9906
9907
9907
9907
9908
9908
9908
9909
9911
9911
9912
9913
9916
9916
9917
9921
9922
9922
9923
9923
9924
9924
9926
9927
9932
9935
9935
9936
9936
9938
9942
9942
9942
9944
9944
9944
9945
9946
9947
9947
9948
9949
9949
9950
9953
9954
9954
9955
9956
9957
9959
9962
9962
9962
9964
9964
9964
9966
9967
9967
9967
9968
9968
9968
9969
9969
9971
9973
9973
9974
9975
9975
9977
9979
9980
9980
9980
9980
9982
9982
9984
9985
9986
9987
9987
9988
9989
9989
9990
9992
9994
9997
9997
9997
9997
9999
9999
9999
