8405
174
8140
2687
5347
2659
7693
383
539
5774
815
586
4037
3578
5436
8157
106
2835
3332
6666
7424
3164
8772
4384
4425
4867
8162
3400
3019
1397
4874
8015
4386
2487
7726
1265
9530
1493
1687
5799
192
9106
8526
2445
2735
1686
3357
1503
874
4834
4604
8027
4054
6967
5177
1294
5249
9847
2392
6874
5084
2583
3225
3338
350
8574
8398
2757
5356
3189
4216
585
6754
6637
4733
8964
9372
4940
2037
9713
5645
6108
9195
6949
5228
9270
2621
1763
9546
5961
5721
1924
4011
1764
2590
2953
5656
4572
3523
2168
6991
4777
5478
1557
6252
3119
2284
1435
3909
3972
4419
6190
1715
3892
5077
6658
7997
3950
1423
1479
9904
734
9127
390
3446
141
1492
8851
8574
1527
8702
5279
3564
8943
1170
8642
2740
1828
4018
1978
7614
118
2951
39
2744
1531
1579
7932
5845
7886
9999
4497
6532
7503
8579
6284
8905
5569
7054
3722
652
7121
2790
2502
5170
894
2509
9086
2617
9583
8529
2722
5123
4482
5555
8199
2310
8657
7110
1599
6651
1657
6693
6770
6611
9425
9085
6940
3647
1710
1986
4071
3700
9881
8551
477
6941
2288
5209
7361
9487
4632
970
6482
6784
8567
8411
9330
3909
6812
8108
7479
7024
458
1650
4575
8889
677
3454
1914
8507
9922
9118
8089
1291
5502
5982
4776
9437
4156
5855
1732
8661
7634
1699
6336
4890
5940
1946
9560
6119
1801
7660
6723
5956
531
8740
5304
4344
4171
1036
8751
4857
5634
5839
2394
9895
7629
6433
7204
972
3891
3027
9182
1294
5618
8117
6476
1103
5053
9217
9604
4426
7728
3593
8292
180
8212
7245
2529
6759
6869
2072
8826
8232
8834
5846
7684
8467
5966
471
286
8218
8764
155
1899
427
9817
1655
3024
3496
8339
3187
4647
4855
1831
4891
2151
2374
8546
6791
5333
4444
7744
2501
6938
5496
8024
2888
9750
8701
220
6604
3261
119
9601
9735
3624
2071
8094
3204
9207
7308
2577
3522
1527
2953
2312
8719
4536
8176
5910
5388
5639
7696
2103
9507
4580
7236
5899
2771
3325
242
76
5219
8454
776
5215
6375
2989
1014
1284
1257
1890
8220
2354
8493
2675
8481
4324
4253
7579
1346
7830
4244
7993
4512
9093
3649
1470
6810
1869
1117
6663
635
6958
5979
9535
816
6416
3816
6675
9681
8745
9032
6587
1269
8842
7261
9242
5340
9999
1264
3136
2171
5383
9086
6830
7517
1466
4124
5525
5513
5232
7737
8944
3165
4032
8678
9811
3913
1056
9660
1636
1583
4393
2378
6414
1238
9977
4047
6214
5934
2876
8186
6002
4263
1155
8851
1259
8108
9140
4900
1945
3880
8290
116
3224
8627
1190
7701
4558
2050
6691
456
4492
5049
6317
3175
3429
5256
2120
1358
9611
9242
1733
7030
4229
6373
5764
1463
4592
6666
5999
222
7780
8075
7120
7405
1697
3857
3950
7271
2664
7452
9216
3027
8536
8307
6442
4601
5073
4123
823
9529
1397
1308
2168
9491
1500
2195
3156
1905
3222
4001
7928
1880
8263
8765
2079
4672
458
2393
1364
5457
2972
5295
470
1435
3686
8539
6237
1911
1167
2395
7698
749
9027
3306
6351
5259
3510
7749
972
2885
7257
5048
2197
4869
3058
6101
4580
4155
8162
8737
1021
3149
8568
5366
1939
3724
3016
3629
8470
9688
2727
3246
2965
9628
2199
5821
199
8904
8854
5192
5745
1739
8462
9307
5603
7796
8373
1945
7178
1428
2131
4242
7063
7495
1059
7271
6909
2710
2988
7443
4637
8539
78
7876
4475
5498
4376
1763
5360
4685
5750
4636
1009
6201
9521
2499
1272
8456
8650
2473
5686
2195
4514
5868
9182
8838
2154
1836
5992
1050
9764
4493
3527
3525
7412
8765
1711
1570
7979
8935
345
7460
9148
4735
8324
5705
3397
5527
4159
520
7736
9286
2672
8432
6037
9203
331
11
3722
8619
5724
6539
6390
8509
778
3478
1516
2816
4251
851
2950
5675
2853
4084
4743
1238
278
1621
1130
3323
3153
9645
150
9967
9967
4697
3531
7381
7815
550
5781
7578
2293
8533
8940
2429
354
1859
7669
7806
309
5840
2145
2952
2048
9345
3423
2875
2317
7162
2798
4028
5615
6848
5905
9570
9858
3894
3450
4126
7775
3768
9875
724
6075
2816
4483
4791
6062
6644
4092
2685
6805
7261
4850
6896
6031
2782
5868
3367
3716
8373
7621
8050
6066
5729
5367
5134
646
4405
2694
2608
8449
13
3787
1623
267
2407
8983
3828
6451
2095
2505
4064
500
8514
2268
1812
5135
2021
308
4247
5324
7232
9047
30
8492
4750
639
4119
2523
1401
2102
7995
1779
9051
716
5622
2791
4408
3081
5850
6777
5388
2888
7368
9833
8281
5765
2008
6410
129
2525
8035
2863
4703
3873
1914
7906
5526
346
2990
268
8512
6492
1418
2071
5793
2887
5150
33
6065
1932
2540
3764
8634
3096
951
4751
4069
5178
8550
9315
2816
143
2787
4799
2648
7401
134
7051
8637
348
3767
2983
9538
253
1189
9479
3741
7087
2497
1028
925
5768
9422
1862
1127
3262
970
2237
1864
8162
7195
7135
9576
9480
9346
2363
9555
2735
1159
1497
6722
5852
8564
5407
2127
9727
8188
5257
9087
1682
9804
9035
7960
1156
5358
201
5478
4007
2017
4609
2102
2014
5094
323
6137
7687
3719
8587
9568
518
85
7936
4536
9718
9944
469
3495
8627
3439
4733
8856
3617
8269
6381
5932
4495
1651
3748
5325
6038
5630
1358
2157
3217
5792
1440
6978
4611
483
2396
1603
7978
1818
7507
7873
3614
7028
5629
4825
5025
9521
7717
9192
3687
1654
8756
2537
6192
4201
4626
8741
731
933
9262
2580
2112
7540
5585
7336
217
239
6166
726
6030
7995
9566
182
9521
6574
5869
1334
9594
5963
3635
7637
103
6991
983
1159
7476
2007
6678
6205
205
9636
2004
2211
6488
4800
6141
9607
892
7921
466
3435
4194
8225
4810
2845
2565
3161
3515
8697
4749
8347
9031
964
5974
5755
5303
8566
9720
3549
2684
2355
9622
5038
2990
634
1408
8506
4575
8880
5784
4400
9834
7607
2515
5922
8341
7573
8398
9030
1937
3123
7806
5463
9691
9167
918
4784
1803
3592
6365
4990
3520
7554
1270
4433
8738
8661
5260
4035
5544
4974
7684
7180
3443
1680
2923
459
6409
3397
8755
2418
5024
2030
3774
5976
9115
6619
4269
1008
1363
2268
7217
7002
3376
4106
2605
3373
2598
6869
9839
4102
7110
8346
6863
2418
9980
3921
9269
6813
4666
8883
4937
2658
9609
4415
5693
6925
9173
5766
9080
5042
139
4456
5844
7915
7295
4494
6357
6623
2917
6545
1434
8301
2935
2916
3746
9345
5566
6191
4664
8099
5612
5421
4990
973
738
4863
7051
4837
2477
6311
2469
1977
3375
4490
3357
2700
4449
1072
6000
7704
4733
5969
4965
3496
2748
4526
4381
7052
2044
651
6623
9420
4886
2942
1169
1233
6293
8096
5615
6374
6768
7353
3421
9335
1903
7475
6204
7295
6821
3314
715
5622
399
964
6310
6127
9106
9737
1048
2806
1395
5074
550
8883
4188
8942
6022
6199
6972
8854
8571
3489
9879
3152
8092
2058
3929
6314
4153
617
1168
1729
6768
5491
53
6133
1808
3391
5214
7892
1763
3925
4527
8320
7215
1952
4711
7196
92
8724
722
2015
7758
4463
3108
6834
436
206
8835
538
7856
3359
2778
6339
2162
7320
177
8396
4559
5000
2065
7849
7963
1095
1357
7482
6399
1059
6425
8177
5183
2031
4596
7548
5126
8794
2360
625
7539
1743
2994
3728
7464
9979
7746
2467
5967
2221
9313
3986
4566
7878
4104
8395
3390
658
6444
1276
1737
4806
5688
4481
3333
4115
8377
9613
7471
1569
6554
8859
4730
5281
9450
5218
537
4271
182
3062
2288
2000
6939
5137
9034
1072
3253
4551
3919
7247
5444
1568
80
4523
2159
8212
2985
3741
7837
1825
6882
6663
4118
781
2603
2166
6443
2663
5502
6101
8481
6242
7399
2501
3731
8004
16
2823
8533
2759
4543
7552
2030
8865
2369
9917
4383
7046
9228
9051
8642
4713
2515
8036
4750
2095
8126
3634
8921
6560
7273
5104
6035
1672
7393
2614
9825
3317
2737
2954
5211
8861
2460
6401
4521
425
5725
429
5131
2586
7708
5703
4852
7849
6223
6627
9643
4015
5948
5349
2199
6645
9287
2232
7181
2109
1925
2480
8932
2126
1612
2305
502
6806
1142
5103
9051
8593
643
2569
5832
6448
4661
2616
167
9595
5985
7554
3718
5839
3374
8246
1789
8990
612
1361
4784
1811
6884
53
8202
5266
9184
4233
7463
6719
9358
750
3526
8981
9109
6832
125
1301
3516
9908
4131
573
5290
1536
324
46
3671
7577
7613
7579
7948
8934
1278
2027
5831
1623
5286
622
6904
3472
283
4576
4819
9469
5209
6939
9242
9413
4361
9647
6349
4784
9466
7126
5322
9700
1199
7483
6363
1638
2147
4342
2382
3385
1700
4897
7532
522
3040
6781
9785
5997
5471
2602
5600
1357
153
9488
8271
8538
5099
8877
9374
9646
2593
9605
4582
930
4270
5703
8241
5772
4356
2366
5866
7046
2406
9714
1879
39
1163
9935
4249
9820
9860
216
5656
8098
1501
5095
4450
2280
2761
3513
9882
1778
3151
1870
2813
6279
1108
8538
4391
4311
4994
7165
3169
122
4808
9360
808
3747
3874
149
6740
5067
8937
5556
965
1643
3859
681
7096
840
5088
6119
599
256
3149
1770
4701
3515
6062
9650
9179
4034
3244
4066
7054
6892
1853
1958
2975
1344
2948
5163
6438
2566
3434
5917
9465
463
686
8437
2783
2432
9913
5406
3516
1255
8558
7516
160
2061
4277
7911
1401
2512
2352
1999
9142
4135
4764
8534
2533
1882
7885
6681
8931
3798
2090
8314
9658
584
7378
7152
452
6328
8412
7874
7671
4019
3366
689
4934
7680
7688
7780
6438
5977
2287
6262
7457
1691
9233
9288
478
3168
9722
4268
2945
3903
4068
2125
2180
7998
6273
4292
3268
5830
4065
3429
8480
2339
186
4278
7410
2137
7661
7564
5410
7312
5560
6985
3153
6353
8869
1414
3975
7719
1336
5083
7258
3514
7741
2327
7562
494
3731
7022
8459
597
353
1238
4722
9342
9410
9849
106
1090
2396
1817
8243
2640
6966
5652
7646
7295
4238
7127
4654
7850
4031
9436
6405
1050
1914
4052
5878
342
2226
4926
4854
271
2257
7349
7804
7599
4144
9245
1339
7295
9592
5414
4780
595
1317
3007
6901
4017
1353
3134
5270
6048
7770
555
3537
8124
8930
1274
4887
6533
910
626
5539
8625
6098
2529
7973
3268
9942
1852
6182
3608
1859
9120
4208
8012
8023
8272
7719
9043
4785
4309
1200
9885
148
4044
6967
6589
7821
296
1558
2246
2374
625
5130
8743
7789
6062
2953
9795
8610
400
6737
9026
3824
6325
3578
962
6023
2183
7814
5029
8704
4353
3037
1109
5848
2024
2860
6676
1200
796
9450
7838
1575
7996
6103
5343
9150
566
1011
4098
5252
4882
2412
1799
4784
2702
4027
7994
6312
6610
3229
4607
8718
6424
2075
8791
1288
949
8160
3961
4015
6286
5587
5830
5931
7504
3752
1181
8390
1542
5653
4282
84
5313
7594
2674
8771
2925
4718
6996
3106
849
8144
7663
9813
8633
4716
6547
51
6590
6983
5572
6977
5958
5179
1995
7962
5773
8629
1758
2005
5551
6225
3803
7971
4850
9944
8674
678
8745
9007
2229
7586
6095
2648
1261
1867
2680
4085
7964
5030
7737
3469
1623
6590
3690
9110
639
6535
5112
1887
616
9740
6266
729
516
9402
4154
9671
7319
8252
6392
295
5684
8903
5496
688
8375
7429
5806
1776
7750
9281
3851
6986
3906
7903
5042
6383
8112
7848
3498
5277
5046
4135
3567
7142
3432
4483
5535
5414
4936
942
9743
7845
5358
731
1380
9557
5981
3206
1143
7288
360
1499
1771
7857
6852
1907
3279
5089
8347
9197
2517
6033
1827
8256
3423
9947
2350
2919
2407
1500
5806
9701
3685
4437
952
8691
9286
5246
1433
6109
1831
2359
6765
7874
9882
293
2103
5893
8731
1623
2223
8326
7907
4193
8346
4866
6890
4976
9353
5337
7744
9593
7593
8321
8706
2963
7773
2686
4851
7068
5900
534
6699
1051
6715
7599
4546
1311
86
7864
4204
436
7296
2246
2821
187
8870
8490
8221
5199
3852
3128
9316
3650
704
4302
2074
8279
5885
5140
786
5452
9251
4658
6809
2745
8588
2833
1525
4185
3915
9143
6044
2460
8889
5706
2829
580
7091
645
8729
5333
6816
1551
6830
8953
6229
3760
735
1804
9381
3548
8023
463
2153
5268
5647
9938
948
3342
6422
6054
158
3508
2718
4959
4444
6951
7437
8230
1631
754
5292
2703
490
9686
1871
8392
5529
510
3177
8250
5557
2813
6848
2988
8265
8608
2345
5819
9372
1445
1269
6601
4570
8216
5889
405
6533
9623
8160
3137
4608
8477
3216
4491
1052
3987
4598
3600
9870
9542
6473
457
4496
7056
3436
5577
4750
1911
2951
7330
5160
8424
6679
8063
4548
6966
758
528
7134
2396
487
4618
6762
4696
6317
2411
449
2736
8176
1511
7346
8064
6127
5234
6920
6769
7743
2403
7448
702
2875
6885
4195
8933
4042
4702
4700
7346
8285
3795
311
6949
3372
616
1201
6399
1066
4823
2355
3938
2195
8459
8287
6155
7147
3050
5861
2170
4942
656
9859
3203
665
9222
5456
8482
7582
5079
4667
2154
140
2477
4907
8195
2234
5026
6704
1898
9956
5185
1139
8197
873
9277
7464
9797
4610
5657
2956
1264
1328
1112
107
7358
957
529
6706
8903
1397
7622
9654
9156
2312
5957
467
5312
4669
2087
8240
7806
7826
58
6827
4116
8407
2375
1520
4462
931
1398
1345
5906
4523
3829
8308
7688
5400
4194
7341
4103
3823
4224
8900
88
7302
2663
5194
9879
4463
8464
7015
6855
3407
9160
6164
192
2377
1455
4394
9283
9793
6990
2501
8564
9907
7780
3893
8249
2098
3003
2952
8304
9414
6370
4826
8236
2507
473
5419
9383
6746
5048
9250
3468
2043
8217
6005
5433
4750
8808
1101
9395
3576
848
7603
8419
2300
9982
4446
3015
2014
5267
2189
3626
9783
6639
866
485
4046
9888
2294
1905
6179
7499
5749
6088
9857
9476
6955
9424
5353
1549
1625
9493
5947
7349
2841
9389
4720
8039
4964
7364
6656
4862
2876
6205
1099
8823
2277
1537
665
8757
7237
594
3512
1290
8905
4855
9380
3959
9075
6340
3560
3524
1849
2313
5090
5720
2049
5580
9158
991
8217
4302
6342
9942
2776
9543
2965
1215
712
6501
7726
2541
5801
3661
8578
2847
6407
8263
9206
167
6182
2638
3040
5960
3879
7431
9169
4951
2896
5587
36
1559
1434
6991
7599
3573
1266
9414
116
7207
6294
5814
3812
7528
7094
7185
1008
5048
5910
5774
1101
7629
8490
5811
5800
3180
6171
8303
6509
3262
9723
2661
2996
8048
4797
3590
7265
6618
4070
5427
5141
1022
2290
7766
4804
8774
637
7363
6528
7977
6751
263
3808
9890
5112
5485
2445
4972
2708
2989
7630
3921
2482
3645
1800
3388
639
4673
4640
2158
1698
9555
333
3817
6056
4253
7226
2860
1934
7119
4891
7235
9243
2410
5415
2320
4499
2156
5928
196
7959
678
3517
1857
16
2669
8417
7116
9328
1342
2206
8869
4870
2092
5585
818
8052
1373
1472
9974
2439
3471
3648
7840
1606
3951
9543
286
4577
9477
5345
9598
9217
8100
8428
1600
8085
637
6469
3307
8812
4752
4125
2879
9142
6636
4933
2531
3594
9749
4365
3678
9424
6355
7164
2736
6712
3667
4308
7215
7389
3348
7849
8428
4587
5042
225
5191
1216
4257
2284
9953
664
9310
1005
5058
8301
1619
8988
2177
1429
8053
690
1700
4361
2194
6097
9208
7294
4714
5572
9194
6971
1073
7301
9074
6849
5544
1498
7394
4611
6540
95
3535
2905
1555
1469
3986
8399
2063
4778
7310
1086
5716
4775
7084
3475
3526
7999
3000
5245
6241
8363
8062
5036
756
5684
3247
8317
9063
7013
7798
3732
5526
6019
9789
8702
1634
8395
3247
397
5229
2347
5
8119
2816
9701
7097
3630
8222
8827
3996
3249
7372
8611
3475
2980
4615
5730
1430
8924
5673
7094
6682
5300
7387
8351
9809
580
5742
8649
5413
2154
8426
6216
6038
4135
1545
49
4649
705
1844
6293
2979
239
7104
1729
4449
5895
5656
4820
4191
3881
9984
2033
4601
2288
7682
9806
1974
4357
6281
4078
971
4397
109
7566
9936
523
3745
376
1015
2170
8271
9755
4650
3890
4709
6461
4919
5097
2926
8119
1657
1459
8175
7585
4626
3821
4018
9973
2181
3753
5223
5082
9949
2973
5959
3476
5232
9895
7744
8153
9149
5272
6162
4122
4787
2581
2053
1866
3165
6035
106
2287
3693
4247
7225
1802
3134
8309
3135
3383
735
1939
8957
3242
5253
7690
6621
7124
472
3420
938
3081
5820
6015
5545
1309
7227
6447
9273
634
1246
6348
889
7384
7387
6531
1182
2326
9106
3810
8356
1276
4461
7395
1863
1451
4503
2503
1662
4987
2161
8745
8607
9161
4264
4006
9031
4437
5665
9713
448
4688
5550
5645
3787
3791
9863
7060
3478
5935
6366
4363
7900
6686
1105
1593
2618
7571
1522
1540
4526
9793
7489
9615
7235
5258
2356
778
1342
6836
7525
1706
6347
7970
8133
5881
7983
2940
9677
271
371
8966
463
3759
9623
4556
2787
122
329
6392
6534
2980
1590
8812
3180
1620
1343
1631
2468
8751
7650
8798
2407
7651
3179
4298
6265
3629
3770
910
4678
3180
827
997
3560
4765
3395
6237
1607
9801
1977
2141
8705
249
5879
8018
1813
6127
4018
4210
7815
4688
9274
1418
2319
2972
2949
8483
269
5117
3007
2586
7573
1599
1947
6371
7330
8048
5573
4040
4177
2710
3981
7972
7520
304
3090
5657
3567
5215
9713
9212
3732
9569
8194
605
1270
4686
1193
3681
6018
3071
1547
6490
4501
6914
2714
7007
5178
1871
9039
6503
9637
3777
488
370
6993
8809
1793
1732
6124
3824
5409
297
244
280
9431
933
9947
8308
1594
5590
8159
1168
8703
6866
6656
4929
9210
3725
7428
723
9318
428
8501
9304
4768
952
2287
6075
2626
1001
9405
1240
6597
6770
8489
2320
910
8256
7954
4274
9686
4402
6103
5673
2423
3483
8770
9239
2282
6358
2618
9241
4983
6443
7467
7406
5741
7552
5363
3744
9896
1383
7294
4257
7638
438
7687
5641
1128
9785
4968
6684
6367
9980
9301
6361
5068
1169
8305
3856
6396
8801
1392
6664
3781
2092
5612
7835
6749
2214
5460
8719
5469
7166
1794
9672
8967
2830
7059
443
5465
5793
7529
9399
7826
7379
3459
3589
6543
8167
4234
5134
6330
4945
2724
3309
8044
5434
8050
1497
4467
5660
3612
4639
5125
7897
9585
8628
7679
5042
7674
1427
4998
1823
4828
3490
7781
7673
9168
4071
8445
9388
1169
7665
1496
9330
3649
7404
308
5275
9982
159
1149
5083
8016
834
6526
6011
3418
810
6424
5624
3347
204
8921
1272
2750
3229
6411
8647
2256
2959
5140
457
342
3551
1535
7796
3432
4117
5277
8556
4164
9396
9078
7513
9847
3648
2707
6591
4258
3031
9480
3548
9636
2177
6470
228
1530
2843
1714
4720
2304
6669
4961
3632
3807
1155
2698
9589
3608
6881
8154
1815
8938
191
9702
9420
3752
7628
7623
6374
9812
9177
9188
5727
2928
6095
6831
2425
2629
8590
5423
5599
7479
1861
7317
1741
1723
6464
2050
4228
6279
6452
2386
146
8788
5714
5487
2335
1727
772
5306
3862
7322
1851
4679
4072
5522
1795
7174
4084
1818
404
8341
6584
991
4358
9134
2833
3654
6797
6485
5338
561
4221
7441
4266
8826
3292
3084
1686
3761
4946
8296
6551
5865
7578
7477
5360
7940
8311
7348
8906
2835
7870
9761
5248
1228
3846
5204
4562
6633
4052
7595
8204
8392
179
5223
8793
2934
3962
2109
8443
575
5094
4919
4271
6547
6488
2003
7399
7930
3501
8170
6713
404
3072
6074
8799
5812
5351
7573
6696
9573
758
1424
6161
4602
2482
9763
3266
8363
9675
9312
3944
8551
7085
9368
6338
8148
4572
6712
3606
9118
2118
7678
4974
568
8403
9592
2202
4328
5933
3287
1777
4735
7325
8532
7803
6660
152
4051
1320
5827
9609
3343
5423
7153
6541
1306
4491
1175
6731
4297
5378
8590
4492
692
3629
1585
3154
5964
716
6161
7563
8909
629
9556
3778
3399
7048
8458
8839
5547
2780
4200
5220
9311
8462
8775
6819
560
2340
5797
7792
4356
9418
2705
950
7846
2313
3451
1152
7457
6703
2886
6495
741
624
8109
7336
4431
4037
3399
3096
9668
4859
3112
8666
6442
9945
9226
4291
4346
6450
199
6663
5076
626
678
7502
3317
1611
604
7946
2596
1227
47
5436
1879
828
7674
9957
4688
751
1009
1259
9511
8281
7213
4609
2931
5888
2579
7209
9794
9986
110
8433
7061
337
6069
5132
9735
3405
2005
7987
6479
8538
3757
9152
988
5962
5617
8528
5151
927
1336
1729
210
8227
4080
7739
6854
9507
6983
2174
4977
6018
7557
2772
9460
8026
9045
4029
9319
9852
7711
8569
8692
9245
4823
5106
8549
7378
2293
3145
5049
4469
1180
1393
4326
3661
1917
3754
8524
887
2557
1801
386
2615
8361
8892
3001
1906
6859
5369
7496
3572
6989
4269
6018
7600
6260
4770
755
7847
2515
786
541
9853
9854
5646
3688
9656
9314
9278
6847
7872
1529
4226
5815
1498
3184
3990
9174
8234
9306
8638
8822
6472
1536
2180
1854
4084
3746
4590
1906
8567
655
7074
1767
3404
2676
9211
4190
5156
7182
8211
8491
9932
8432
8845
2843
6748
9247
4212
9145
3530
1428
4414
4381
7023
548
3210
7681
4800
1214
1423
9585
6255
3577
5981
2752
8485
1503
4123
1180
7154
4188
9054
8780
5863
4400
4494
9404
8659
8293
6115
5616
5548
3048
9921
1197
5994
301
9633
7938
2492
428
292
5084
3823
2549
7948
5774
2178
7090
9326
5248
3205
4374
5024
5128
7548
3209
9481
4765
6582
3472
8938
6199
4825
4476
4001
1394
7705
998
9450
7340
8218
1689
5733
8710
1643
4887
795
8959
7345
3182
6116
2250
5844
5746
3805
6968
5865
2577
9407
1608
4429
7180
6562
5041
9087
9276
111
354
5777
88
1607
2069
6316
7019
2320
7509
6776
3441
3250
1760
2903
7542
607
8757
4719
15
4990
7193
6373
9472
586
4514
4022
1398
4470
1911
8838
8428
1126
6074
5493
997
6350
3410
197
5058
1005
4337
7001
4922
2573
9800
4381
5693
405
9924
7403
3325
7176
8863
3095
3770
2574
4867
6577
3779
5872
7732
2008
6985
6398
8492
6557
4087
3551
583
4818
2858
1620
9756
8717
1549
8780
7814
4187
2815
1282
307
7277
423
4256
3241
9359
3933
6695
6177
7383
7873
2831
6017
6969
8014
2470
4119
2409
993
5415
9300
6063
6696
6062
322
8254
6689
7547
9531
5755
3789
4751
3863
9719
8733
831
9286
2686
6713
3473
5861
584
2479
7519
8774
7008
7448
2436
2364
857
1080
7261
2591
9429
3545
7321
4044
3635
6106
7281
1984
7742
3006
831
5057
1181
7869
8109
1083
121
3048
8030
8132
2965
9051
2981
9355
7508
9006
4611
9303
749
9741
5805
7040
2924
8477
1806
7751
2975
2634
6023
6832
6591
5268
1486
4937
3905
4620
5169
1888
8263
7731
5887
6912
4558
1901
5339
25
5406
3310
8616
9897
9522
5595
1026
1097
6058
3891
5352
7296
6435
9217
2513
5608
9213
9682
3119
3825
1532
6101
3730
4367
5944
7823
1142
3610
3756
5585
9389
6994
4493
217
491
2966
3381
4231
3973
4048
9829
5998
5289
5762
7640
4649
8032
4432
6103
4366
6797
5682
8726
6346
5595
3390
6882
4125
8878
141
536
9448
7397
7355
1207
9703
522
9738
1818
7912
8423
7492
3498
130
3826
1779
3618
519
9833
3308
1619
2902
2841
9841
621
4998
235
7315
6426
23
2269
32
1015
7476
6816
7158
8654
9829
4328
6977
1199
4578
7538
4017
7301
490
7788
8880
5539
6642
6621
8793
1601
1788
9215
3670
1306
3443
6075
9531
3146
2860
5103
6054
9685
4207
7802
28
287
4194
2064
1655
645
940
9754
3477
6989
1443
256
848
7408
448
3402
8174
7116
8713
7186
9654
4684
1695
9236
3094
1080
5474
5270
1159
965
5046
7273
8122
9218
5180
7851
8754
4403
8021
2111
8298
7831
3996
8466
6778
5479
8873
4968
494
8015
4172
2245
6808
1525
2178
7913
6390
4197
2279
5276
2389
7188
8666
2261
2776
6075
3106
3650
8241
8396
3319
4836
1234
8414
2410
7944
6492
4419
7131
8053
8635
3838
8437
493
8739
5443
6668
3003
6653
1784
9180
8388
7264
1363
2748
849
6800
6488
7427
5710
5543
8252
6420
5938
6947
1807
9424
8448
1175
1187
81
1413
5242
4341
6713
3842
8659
5809
2126
3505
6059
3728
3250
9842
1864
4173
2463
5420
7340
709
6248
3388
172
845
5598
28
2318
3767
9480
5099
966
6259
8262
9077
1815
523
5772
1485
9396
2190
2251
2533
3377
1806
2451
9223
4140
5011
8125
2277
9973
5906
2898
4240
5202
777
3888
1447
5233
9727
5981
3547
250
9186
5443
7593
7920
1839
3494
2536
8891
1615
2660
4591
8137
1796
1162
469
8822
5917
356
2160
4924
6145
3664
6243
4966
3364
1989
9176
1025
1374
8621
7320
1723
7747
8465
6250
1878
7712
840
4435
2542
5962
997
7609
2479
1440
8985
5390
36
3607
8395
8420
3288
7267
2278
8983
7141
341
960
7567
6354
5253
1256
3918
5945
642
1619
1662
8925
9775
234
5988
8533
8979
969
2938
7959
8842
7189
7605
6645
8458
1353
965
2805
5800
9775
5663
5748
6664
7432
165
6687
2500
1169
5382
4699
8519
5185
2887
4435
3062
878
6748
9028
5464
301
215
3306
8142
9604
1296
9857
4871
4196
9007
6575
1843
1754
98
6382
977
6472
6475
779
277
1392
9319
7355
1704
3909
3692
7338
4893
6444
1273
4261
1337
1409
6538
8925
5893
8291
7767
4770
7924
7999
6026
4731
8605
6822
9293
1974
5537
8803
424
7690
4551
9846
2570
9076
8412
5767
2321
9504
4806
3524
3396
6489
724
1152
2399
4397
9282
5280
2694
4388
4532
3875
190
8522
3948
6008
7712
6967
8535
3302
2427
5070
6751
5776
3236
5967
248
2687
2967
3249
9095
6744
7096
7800
9545
7196
3391
5587
7553
950
9620
4866
5060
9400
231
5339
4856
5802
7950
1293
2579
7269
4460
1813
3649
6702
2296
7705
2800
3732
389
3765
1108
6163
7206
1865
2512
5041
6682
104
7953
8254
9586
3189
4765
6636
3700
2678
8863
4132
5536
5575
9220
9266
1471
5921
7795
2591
1272
7976
6267
5287
2551
7339
5662
2621
5235
9160
8157
5682
2287
5665
7773
4632
8464
3521
2939
3742
4655
3815
4684
2341
6043
7767
356
750
8485
4049
8963
2503
6505
3338
311
8602
6553
3364
9206
2269
8682
7097
5298
5038
893
3418
6364
192
2138
8807
2517
5521
4268
5825
1833
2571
8762
6285
1148
2463
9284
4807
5614
1306
6869
6037
4803
4573
2970
5207
7132
9032
1516
1294
5687
8017
1242
361
4517
1726
863
502
5970
4181
7871
537
1620
9680
9694
4574
9004
349
5285
7829
4060
8962
2679
9664
522
4242
4793
9252
4250
4506
3957
8931
4096
8893
9820
9365
5218
3605
2824
4017
6277
9246
7300
9616
9989
7170
8042
5898
7217
3615
9115
6008
4745
9667
4214
727
433
7620
7257
9220
8266
7665
2188
7215
8953
8290
9183
2529
6220
1093
1820
7178
689
6526
1424
2412
2577
2286
5345
4567
4856
9159
3501
9830
3056
3858
3161
1558
1300
9059
7254
4807
2065
5406
3425
4527
5803
4459
672
522
9349
31
1092
1279
2311
5086
4
6547
8734
701
5663
8172
4071
1489
4086
7507
7803
4605
9117
8151
3085
4584
3620
375
9907
4001
87
9916
653
8444
1948
4027
3487
5779
536
1272
8646
6344
5753
5023
179
2227
2971
7523
3889
5949
1599
1472
7506
2826
5558
3578
7912
2677
6672
8031
9747
741
4185
2372
3639
9997
1018
9731
8740
2079
2757
1307
820
4673
2437
8075
8137
5339
5805
7263
1841
8356
6250
397
754
360
4185
8177
5179
3890
9633
4062
4463
3450
9471
5358
6200
6242
1195
3134
1023
1277
3489
7782
2168
5859
1371
9262
3563
8499
1320
4468
6737
854
3586
8612
4959
3594
2708
7814
6376
6180
390
9879
1630
978
3209
5258
3819
805
1948
9936
6868
9549
9793
556
9707
5891
2434
8527
9401
2331
7465
9370
86
2162
2714
6818
1382
7812
5201
8591
4594
9485
760
6127
6860
9194
5763
253
9085
955
2874
1288
6947
2587
3529
4700
7152
4683
5590
7241
2690
2938
6231
4830
657
7638
8392
2286
1244
229
3749
5337
2926
7610
1592
8811
3920
5088
1725
2583
9391
7715
9902
9295
291
7236
473
9609
8665
3772
7354
5845
7944
232
468
4789
4874
823
2259
1706
2741
4740
7398
8657
9717
2636
3304
4773
3403
6723
2454
9202
8075
6097
8268
5878
5759
1630
1308
9969
1544
3095
840
3305
5775
1975
8930
7933
9949
3024
7696
6406
6301
8262
2634
2826
2096
4176
2751
9686
3031
4774
3340
6800
2467
8384
3028
6123
5049
2678
2439
2236
6677
740
2746
3649
7952
4271
5757
1164
5760
7338
8133
6852
3874
6097
6148
8776
9065
8299
900
8121
5052
8866
2400
6936
8972
5843
3590
7312
8237
4670
9988
1732
5028
6017
5571
8657
1968
7500
1936
5700
1582
682
6880
1167
5445
7887
123
8213
1560
7145
1538
4720
8418
7073
4485
3238
6452
4660
1970
1704
7757
2020
2706
8212
1170
7072
9980
6889
9538
5394
9530
8609
1839
5115
7882
6314
182
6888
4225
1280
9987
1367
8730
9997
6740
6628
7869
9059
8269
6554
9521
6716
3799
917
159
692
1144
5719
5654
8687
6321
3563
4765
2426
3393
5862
357
7658
2538
736
7225
9162
3090
8809
8498
7294
7466
9846
9380
7620
1422
7901
8571
4546
6074
2909
4834
3585
9727
6874
5113
8991
2248
9632
1465
4044
9429
4570
1799
8737
2754
9165
1853
590
7100
3330
3641
5894
5264
7498
328
2659
1245
6553
6874
4853
3020
3102
6062
2674
5274
525
9980
295
3336
1871
2604
5925
1094
6890
5250
6813
2060
5968
7908
116
1667
2890
7129
2236
6369
5057
4606
2607
6628
6188
7075
673
1117
3053
5267
6867
9902
3162
2567
6082
2530
8681
3715
9172
7357
7077
9416
2649
99
684
6919
752
6064
9092
2242
8359
1516
4770
1700
2303
3223
117
3260
166
8398
9334
888
2888
6257
4281
3987
5536
5365
4630
1210
7479
2755
8291
7202
7565
2599
9165
9596
4014
398
3552
6869
3689
3609
1056
5764
5421
4651
8596
6337
4409
4260
2140
5306
8346
8512
9038
6980
8651
326
5853
9342
8757
4455
6242
7794
8262
4798
2665
9363
1578
6209
2260
5677
502
5004
7592
5771
8799
7428
468
5754
4394
2423
6120
7892
767
6505
1793
3474
3782
1517
7937
1112
121
6726
9985
6565
1849
8542
277
3808
5263
2028
1234
9822
5599
840
7421
3077
219
8310
3561
8705
8272
7496
7195
4146
1854
8523
2124
3395
5721
2634
9391
5914
3801
7659
8388
5738
2251
9471
3695
6628
7341
4615
8659
6097
8804
7141
1843
9899
6421
2368
4379
3640
3616
9887
3948
145
1632
5698
383
8056
6072
2178
3591
556
5999
4124
8356
1328
737
5227
7
720
4502
7184
989
19
9060
360
9576
715
6892
3466
2265
6493
7778
740
7917
5855
4446
7722
2325
1526
8163
9815
2584
4534
1019
2581
4308
3330
9118
9328
6831
1101
8
6658
86
6977
8197
2944
6655
2949
8221
8837
9265
1845
8492
652
1594
2634
3752
7351
2607
5096
2610
2451
4763
3688
5462
6652
3882
2255
1062
1593
8570
9237
4125
4855
8414
8313
4385
9676
7567
8410
1317
8810
9447
3282
2756
1893
8410
3756
5917
6637
7092
6589
8860
698
6325
6035
7992
6417
7304
1974
2192
7890
5520
7579
6552
3996
6632
1522
8273
3552
9033
9954
7430
6272
2169
7695
4583
5898
4336
734
258
8623
8082
9924
9651
9070
5230
8176
9122
7444
1250
2369
2596
1154
9783
4730
233
6269
94
9525
978
1981
2363
2734
9598
5385
8904
4252
2996
8174
4601
8747
4339
5768
9502
7894
1777
9499
5679
3421
4975
8560
1595
6256
4576
4188
3350
5112
4741
8888
175
4222
6640
2473
7443
6109
8587
7993
6996
2654
5261
3159
6261
8910
6838
9674
3889
2848
8007
3549
974
4776
5446
8085
2243
4140
7425
3810
6907
3728
3464
9559
6624
8323
2356
6448
7649
6769
9296
1661
1229
6051
3823
9873
1984
6471
8039
3987
8718
5163
1081
8989
5303
4285
2216
2903
3382
5810
8118
6557
3464
2955
7206
5209
8495
7720
5117
1967
152
3297
361
1286
88
5151
3545
2255
6258
1203
2075
546
7391
2520
1407
1
2495
1224
5507
316
9845
3184
1802
503
7736
3733
675
5410
346
2497
197
8524
9353
4520
6399
2219
8970
7974
7579
4372
5178
1858
4233
8092
1034
4430
4083
932
8506
7944
9325
4287
9968
155
8029
2403
5311
391
3246
8696
9229
1087
2139
5737
242
3442
4794
1066
9379
5682
7687
8077
4075
1455
3878
9295
6924
1
8723
8232
5981
469
5495
6424
6712
1567
6276
4093
1728
9391
6520
6789
9879
2624
2718
8581
3298
7608
5399
1287
2349
5013
1852
8513
969
2986
4685
3419
9007
4726
916
1382
6066
504
3173
5592
8571
3864
4034
7130
9643
8736
3563
5629
7274
1701
380
6910
3189
2023
7843
9572
7636
2063
5797
7350
8763
5634
6748
277
7705
4661
6155
31
5043
1827
9783
1166
8968
8159
9037
1131
5587
1408
9608
2280
3483
853
5732
4858
7694
4521
247
8254
5580
3916
5161
308
9809
2002
7329
5646
4723
6032
8752
3004
9515
329
7594
3263
8205
8475
4631
4214
9711
4445
1572
283
4758
8738
8408
5973
499
9572
9410
6120
6041
5391
4081
6282
6453
3322
4495
613
9633
2459
4568
2738
9875
6400
700
2232
2705
9539
9563
1186
1473
6395
4664
4229
1095
6999
8931
6830
4466
1124
6225
8915
4249
6278
4435
5217
3615
4612
4985
975
3530
3621
8382
7376
3998
2408
3210
9074
966
4785
5222
7116
8937
2824
4562
1362
8585
3135
8446
4279
8237
2472
5289
5877
6653
868
1837
732
6289
1516
6951
1165
1479
2270
2021
6606
8623
5891
7278
5246
9923
1474
2897
739
6730
1206
6646
7530
2889
2621
8366
2917
4574
8808
2816
1884
5532
1601
6782
4186
8928
7921
3763
4699
7420
9465
9899
5222
5585
1485
2764
1251
8304
8790
9577
5932
3319
1707
5725
1794
6382
4068
7800
2233
1765
8979
3843
9172
6263
4859
1192
4982
2905
204
8056
556
8732
3751
3084
1394
7175
8994
453
6568
7405
6424
9519
8185
5868
7157
325
8360
2378
1052
5063
9476
8668
972
8608
8641
6525
2501
2606
4116
3379
5649
561
7542
8856
1211
3441
9847
7861
8738
6031
1500
8798
5607
6976
1270
7267
8909
6185
2351
9833
7792
6353
3492
9452
5146
7625
9922
5929
6217
1068
1382
9975
921
7340
1601
3275
7122
8481
2259
7459
8445
2743
6753
3733
5279
1210
1156
1959
4869
5572
2463
3674
10
2394
5388
8549
2901
8193
3602
8297
7982
5374
3515
5872
491
5863
9373
3772
9372
4887
4911
1919
8521
7150
6994
9092
6910
3276
426
7566
5932
7397
5549
7655
5487
29
1014
1549
4554
2325
4636
4586
9401
1176
9566
541
5688
4347
1453
2834
1317
863
451
4615
246
5970
4139
3432
7407
1669
5269
6264
2869
7583
493
7469
311
813
8446
8263
7978
3331
3007
6043
6603
3818
5153
7897
3572
6277
156
5684
8226
9946
3051
12
6985
987
2019
5790
3201
1164
1708
1879
8407
1132
1389
94
9586
2975
4512
7123
8411
6259
1484
3533
6019
3387
7079
8227
8680
5325
1407
3398
3930
3672
464
8022
4582
4422
2290
2892
7397
8411
5308
6757
6243
1035
1334
6146
5538
7889
1899
2384
7
7812
4069
4685
4363
7560
8684
6904
1853
5719
3760
1515
9832
4428
2336
3751
4685
730
6264
4210
4470
7321
8676
2642
6096
3803
5172
5597
1565
3446
4987
2035
7331
4510
8065
113
2486
6483
2674
5666
7302
5748
3073
4282
3359
2996
76
4014
597
1823
5556
6786
2402
3335
8657
9029
2974
8453
4254
6019
875
1220
651
7816
8344
4866
6715
8717
4352
2135
355
3285
5583
5837
2353
9123
5048
2000
5122
5480
7261
8983
4343
3086
6385
8541
2939
8893
7310
2165
4152
701
3572
2668
1019
1628
3482
7312
7103
8218
1954
5994
2717
5875
5109
4857
4245
1768
1818
242
2535
6055
1706
7128
3261
3504
4697
8654
9020
6710
9144
3285
7396
6461
8650
6883
917
6540
6002
9686
8093
392
8769
4133
6225
8223
9184
4677
3081
7384
689
1032
1774
1096
8889
4590
2811
7725
4010
6519
9160
3596
4707
3008
1389
4849
8192
2827
8757
1551
9944
1298
8014
993
7832
4830
6594
2047
9955
5032
7986
660
7908
5719
1509
2631
960
7218
3572
7063
5924
7828
5356
6584
5818
1018
6074
1762
4635
690
1674
3710
1924
2216
5092
1738
5119
3599
9695
5075
8887
6258
4385
8459
7815
3052
9188
4204
3771
8429
51
4216
5130
2110
6177
4295
3517
8956
5660
7483
7447
4649
5822
9387
731
1038
2141
1562
9203
4777
2754
496
8020
7799
4757
5012
1580
7273
8434
1243
8276
7376
361
7782
5795
859
7251
1080
865
217
7847
8144
5708
5022
3307
1644
3374
2792
4250
9312
5453
4714
3323
8829
8981
361
3845
5184
934
577
7152
5870
3551
730
6106
1893
9272
996
6893
5153
6191
9964
8998
6476
3394
9657
9749
8634
6653
282
4827
9204
680
2383
26
1270
9624
7625
341
6699
610
3353
8558
1642
5272
3893
8758
4108
6634
8848
8650
6954
600
3045
5423
5154
6630
7948
5787
4874
8904
4792
4124
2565
2292
9964
3061
540
7378
6711
9349
4104
1199
4901
6735
3194
2217
1628
4206
6759
2469
2651
2723
7654
2159
197
5280
6153
166
2073
326
7141
5999
1506
7680
1165
2567
392
2619
7749
9864
3440
5623
4517
8541
6626
9455
537
4027
7076
8374
4515
5110
3936
1371
5016
5524
426
535
9519
9188
694
9440
2179
740
3684
2162
9908
5982
1400
6902
8821
4196
3525
3092
9362
135
7283
6287
8312
5082
8290
3945
5150
8742
6178
2454
8308
2413
8581
9884
3292
502
6391
322
5583
7925
2762
1311
2444
2265
9181
2554
5853
5449
2243
931
5937
1322
3152
809
9189
7571
1354
3818
8075
3118
5737
3551
4041
830
19
8747
4453
5255
4318
9368
9143
743
1076
9333
8281
4031
7458
4048
7593
261
3540
144
4065
5422
5151
1188
2159
7739
4961
7692
2486
8278
617
65
7070
4340
4423
2189
7824
8166
5079
2696
9059
1747
4732
3655
9838
7758
9180
5303
2167
7243
4345
457
8099
4135
6583
8890
2014
1837
809
5210
9477
5436
1978
5529
758
653
5832
2462
1563
490
1417
5648
9971
65
4425
5895
9768
3663
2633
6069
5685
8677
9174
4548
4171
9393
9264
8497
9975
394
8364
9585
796
5945
4008
5537
6905
365
351
2583
4782
3762
7987
2953
2590
9350
7193
8103
4416
2260
725
6711
9545
8258
6121
6704
7902
3575
9950
5192
5443
9
470
4450
7648
5282
8832
9992
3728
5669
1908
5755
9425
6478
7402
1074
5155
6094
323
9715
5951
5601
439
1444
8059
4908
5852
7129
5228
7073
7434
9997
5922
3489
3983
6803
8557
5400
6035
725
4875
8471
3088
5246
502
4195
1712
6156
362
2300
1177
4701
4494
248
3652
810
3671
8237
2173
5
5804
6877
8559
9415
8416
9147
9006
9473
2707
3989
6620
9912
8757
1085
1826
1119
3699
6674
6451
5009
7999
2757
4231
709
7654
1314
3890
5822
7999
1609
5041
9724
8245
9190
5734
3879
4620
2240
8728
2479
7465
3989
7911
6751
5402
6410
3177
5826
2366
5375
9826
8052
7717
4193
8657
1643
7979
3058
8423
8868
4003
4298
9987
7153
2039
3116
9797
7449
4773
6539
7574
2511
1028
3616
7294
9112
4538
150
4851
6781
6757
3286
785
9298
5200
106
7065
8830
7644
6041
7939
4318
5623
4999
7811
9342
9516
36
5816
2655
5341
5942
8376
1762
3017
4609
6190
7094
2142
8093
6175
9028
9282
3322
136
6095
2540
9881
1326
6882
6759
5792
5992
8322
8928
7821
4297
2050
9440
1085
8908
1756
4274
4207
5083
7832
5887
7097
7086
7024
676
8922
8096
5602
2170
6160
4982
1143
9003
5982
3893
5240
6264
5197
6112
7339
7000
598
812
8524
6860
8961
6733
7169
4809
6613
7860
2874
3694
6969
3298
1962
6030
9511
8713
4980
299
3958
3229
6993
7113
6823
4422
1674
4973
6332
7767
4672
9153
2711
788
3946
7856
2481
7963
6715
1914
6374
8648
1823
2780
2543
2158
2228
5834
3348
4376
3294
4999
8917
8378
7422
5443
9893
3696
9745
9057
3533
4853
7271
8560
4080
4103
2496
6092
871
5501
275
2200
9907
140
6064
4930
7188
5489
9573
5169
8530
937
5928
5205
4573
9043
3209
3734
5577
9467
7350
1531
5811
7724
1878
5158
6086
6475
8134
4135
6660
1371
5523
2886
7786
7113
2305
3460
8120
8494
8097
3999
6633
4398
9312
8494
8886
8891
3626
6093
7695
7647
592
2495
112
3885
968
6573
9075
3438
3767
9905
3002
5631
5593
7618
1147
568
1500
8618
4367
366
1837
5214
7696
8594
6253
8010
9333
7781
8576
2483
8485
6600
195
7047
3766
4148
641
101
3306
9719
1428
6871
4250
4800
2976
2582
7442
5182
1697
1657
2806
8293
9710
6767
5796
8752
3809
799
7203
1276
3090
7883
2983
7736
4830
3553
3112
2603
8232
6958
431
3627
6974
7072
4625
6489
7229
4776
5495
7446
3398
1510
1898
2917
8541
3063
6864
3118
4701
1481
5840
7821
905
77
685
1473
6019
1031
9097
5136
7113
7541
5429
3131
767
2787
659
2403
8309
6758
6731
6366
4084
4682
2829
8144
2980
5342
3993
9220
7482
4162
9727
8935
2725
9239
4149
33
8058
5587
2181
116
4900
640
5067
8045
9644
308
3622
9769
5001
8746
4434
748
6506
3232
1305
4044
3252
2693
7322
1075
4580
8214
1610
3421
4966
3680
4994
5408
5075
3720
2725
3335
6304
1905
880
4268
3568
5801
1790
4411
2290
2434
4794
9520
5547
5940
9990
703
2135
7166
7079
8477
8263
7682
7403
2502
9544
7939
8815
3573
678
9854
3925
8279
4822
7122
7967
7047
801
2188
341
3163
5249
5178
6436
1957
2816
8471
424
6922
2272
5342
3210
3741
1672
3021
7202
3123
3223
8775
7669
1309
4032
504
3018
3741
8992
5571
1026
6766
4813
4430
8472
6004
522
879
7534
318
9118
1016
500
3498
6266
9234
291
9891
8332
6564
5821
7835
2608
6038
3297
6580
4048
6773
41
3751
953
1265
5549
6009
3423
3585
1897
1875
7296
6934
4802
4072
4546
9401
4975
6725
8292
8522
9213
7258
9271
9481
3914
7207
3053
2993
4040
8116
8920
3355
4564
1457
3647
5762
4102
3221
9460
5575
2301
3804
3777
9620
9908
5827
6884
323
6397
6423
3336
6717
6945
226
8245
6187
387
4656
1959
3425
3827
7979
2180
4929
5692
9345
8662
2300
1898
3143
5866
8712
3276
1545
1578
9290
2537
6732
7341
1465
314
4051
9613
6269
5797
8217
2738
8002
3782
3386
6937
3964
3021
6202
1774
6002
4130
6505
7604
5136
7595
6562
3883
1959
8871
7504
7445
7727
9748
4031
5923
1578
9802
2361
6574
5500
9075
434
9545
5217
8546
7259
5224
5034
3698
495
1434
6740
7860
4825
3311
1995
8424
9242
5091
7412
8160
7988
2251
647
5300
3233
7859
1039
556
67
8685
7002
9129
4697
6243
9384
1399
5368
1040
6048
5570
4064
7560
9964
150
4572
796
4471
2500
5839
1077
1628
3744
2087
3173
7713
9774
7072
8773
7804
3439
9893
2061
6692
1375
3440
3209
6836
2180
6687
7318
6093
4267
2458
1249
2033
3413
7195
7115
4327
601
3228
3220
809
7416
9959
8070
9559
7341
6857
1609
6888
1497
5417
4557
9926
3620
1832
5256
2247
9255
4393
3921
3467
7660
6615
1866
8821
5219
7646
4459
1398
8308
3732
464
137
6129
1261
3176
4205
3206
4574
2262
9592
4285
8706
8378
6315
6626
2058
6240
1341
9646
5339
4188
9165
6010
2718
5706
4752
429
5503
680
7648
3661
6848
9653
560
383
9172
4751
2977
7989
4070
6243
7527
6946
9321
1162
9740
641
8595
1421
1269
472
8776
2265
5079
7198
9206
2512
4717
1049
7222
5231
6174
9152
8002
4950
8700
410
7171
5654
9804
5875
3006
1383
4219
2113
5990
3413
8171
2279
448
702
5571
5096
5811
8319
8461
486
6488
2195
366
6061
7697
1919
1256
8380
4721
9356
7466
8296
7988
7009
319
9522
4593
61
4756
1412
5990
6016
14
2854
7513
7061
9619
3413
8138
7842
3870
9825
4400
8516
2408
5861
4398
3170
1274
4120
4077
6099
8523
4883
8464
9170
9764
8151
7314
8189
1093
8793
6168
9414
1814
9580
4438
8760
5321
3698
3375
2282
7690
4152
7367
5700
3353
769
6546
3922
7224
8301
9172
5499
7393
4128
3079
6478
2174
4739
4622
1573
6140
9729
9216
1239
1884
7269
5873
6059
6500
5012
3947
2946
2672
1510
8747
6627
928
7248
7679
6784
176
5176
8277
6853
4355
43
2651
9429
9818
8863
1015
4642
13
2655
6952
4160
2617
6332
6563
1616
6373
7008
6259
2588
291
8132
8638
1949
5207
3405
1062
8444
5703
194
1846
2752
7732
1577
795
2274
9240
5334
9130
9997
3530
2704
4054
6170
5182
5111
3403
7580
9599
1060
5420
1057
2050
6630
9136
2552
2026
4904
7335
2157
5274
9056
2737
6532
7562
1210
1094
6497
5418
7108
3344
9994
4455
822
8599
9170
4916
9906
4933
4448
5915
2003
4084
558
7157
7977
9595
3489
1106
93
8466
9496
1337
3360
8658
9037
5246
3210
1568
3084
5021
7873
3473
7623
5899
8400
5538
8505
3009
8005
8800
3670
2020
8857
8002
3396
7531
3342
9875
5176
7242
8886
9807
1028
9331
3927
8697
9346
9662
7959
7305
4206
1536
8460
5709
7614
2734
4544
275
1717
4125
170
5446
7972
9327
9235
8094
4717
1074
2845
7856
9191
916
4824
9126
8523
7944
8576
3261
4166
7582
7224
7321
8670
7496
565
3009
438
7740
1417
5466
679
6686
8821
6911
2097
7312
7961
6683
7520
5344
8420
7944
652
3521
7575
8192
6495
6043
3098
6577
8689
7515
1381
7418
5804
5785
751
674
7466
8662
5444
6134
9364
1021
4578
5113
5382
4481
1909
4436
7562
8171
5552
890
9817
6458
894
5740
2546
400
1122
4896
4845
6712
827
1542
9528
703
8836
6117
6615
4855
4901
145
227
359
4767
8625
7503
3481
7244
3637
8389
6672
3478
5320
2262
7897
4202
4568
4500
9772
1124
7853
5966
3722
5463
7391
9834
704
3614
5549
8016
1985
2099
9463
779
8096
6601
9692
3530
5903
2201
2271
122
1487
8379
266
26
9114
6360
7755
5218
676
5327
9968
5517
7642
3630
4916
4355
1925
4796
5955
9175
2100
6457
1581
4546
8129
7906
6007
1618
4318
1569
981
5928
2514
804
9634
8254
2011
826
5663
8535
4682
2803
8312
9598
375
1821
5770
684
360
5629
1931
7133
9648
3971
4148
4210
2105
2808
1266
3824
2776
451
3300
2839
9683
1014
2773
8441
627
1970
8106
8555
1428
1450
6891
707
8345
6903
2908
5755
8485
5771
3506
2224
8836
3886
2623
5299
1985
7870
4605
3634
160
299
5579
7194
5778
6774
6117
8226
990
8660
2888
5818
1634
4558
7955
1124
393
3327
9741
9122
3399
236
8366
6538
4277
2494
6313
2562
9702
2902
6820
8121
3117
671
5368
1653
7077
6430
8039
6839
9288
3379
4426
414
7556
1586
7358
1845
6096
6870
4676
1344
5393
8380
2510
5570
8723
9055
334
1512
3612
3663
7415
662
637
8059
3226
3552
3947
4208
1920
7398
5026
6340
2394
8124
5233
4678
6968
4806
2258
9716
8292
8499
6223
322
9804
5988
8196
1737
4822
637
7735
7008
69
9149
1347
5615
6004
6233
8694
573
8934
5018
9532
965
8644
3335
1706
2269
7977
4566
7011
4917
4422
353
8345
9332
3723
4738
3144
9641
7488
2937
1955
8208
4798
3203
2987
7625
5705
7826
2264
4157
3972
6673
444
7718
4979
3069
7912
2249
5319
7906
4118
7940
2563
3088
8393
7404
4976
2885
1769
8961
8944
4613
7634
4511
5286
2210
6847
9753
3729
426
9780
2569
1828
8616
63
1119
640
7438
2803
4717
8291
7265
4571
8105
7293
3619
7429
6955
6373
3943
8862
7032
5987
8771
3013
1288
1779
9701
5945
9857
3851
2825
8544
4706
4947
1806
3211
3497
8213
7247
8491
7725
8162
7363
4111
2690
6116
6943
5181
6861
1340
7521
5799
9498
8536
8417
6187
7891
5623
7334
6602
7549
3568
3451
4520
5811
1160
7019
9077
7356
9648
6908
3330
2430
246
5808
1520
2647
422
2071
6439
8744
1721
7220
5741
9368
1611
2555
3499
2335
4160
8846
6838
5001
7149
626
2160
932
7752
244
6018
2041
5077
4438
6685
208
9969
4937
2824
4245
1180
7204
7798
4
9064
6203
8976
293
6575
5110
9490
8629
8832
837
8175
5099
6083
4034
6492
7755
7601
8434
3297
3348
9379
1726
1741
8580
3671
9465
5615
54
2954
2422
2127
6603
5091
163
2835
2514
1384
1065
2408
2479
6846
8986
9075
3061
7591
2811
1350
1242
5607
5601
5267
9308
3854
459
2389
4184
2708
5179
5857
242
1340
2982
3088
4340
9588
174
533
7706
7836
9140
1171
3296
2623
99
8498
5140
9848
9636
5974
9454
8559
1127
4672
8984
3239
1775
4433
6643
8006
6654
3437
338
1956
6159
2532
4487
9445
981
3814
9518
4779
9276
4802
4690
5595
6556
6081
7445
6217
9325
4923
7770
1666
273
7814
3056
3308
3348
5071
3675
6194
4097
6267
3759
4099
5153
7411
2497
1534
1361
1396
4637
3154
6419
1078
4127
1212
3275
7261
7431
9669
5818
7643
7975
6891
8214
7322
6321
2838
1082
7653
5275
9935
1352
4196
3366
4125
6417
3720
5424
1293
7633
1878
3929
2190
1912
4644
8942
7361
2629
2574
6242
7977
2261
9607
8946
1541
5953
6561
8893
7384
7058
9834
6168
9240
6866
1681
3076
1173
6718
7469
8732
3143
5646
8244
3346
7166
7951
8455
4725
3842
4108
3019
204
8071
459
1651
4314
1459
9923
9218
628
4848
8799
3668
5898
8789
5357
6122
1258
1808
924
6133
1624
4325
7630
7614
3917
4645
5644
7837
380
3323
6234
5893
7983
9894
6558
3583
8685
8791
5265
987
2352
7551
5448
2451
2396
9882
7678
419
7729
753
6463
1219
6222
5110
5115
7197
8814
1148
308
3590
7204
1203
2005
2135
8482
6966
7691
6216
7291
8094
5604
5315
3632
4741
9875
276
7328
2012
3070
1542
2350
2261
922
3009
7315
7885
3896
5627
9407
7994
4311
855
1000
3122
8612
1724
3909
35
7471
8464
9962
5141
9055
5115
5209
1893
2755
8444
6798
8968
347
8979
4901
9610
8956
706
1183
3348
6695
138
3985
1737
9
3625
4905
4488
8747
9224
1194
9948
7966
1373
6888
5844
6607
2767
5854
7958
4169
3156
1194
2461
5544
5032
5524
2164
3955
2539
5081
93
9306
9197
7638
4347
8170
7057
9687
4026
5201
7558
3219
3524
6035
2603
2280
257
4900
4410
6174
4930
5330
7311
264
1891
7722
2327
127
9646
6320
8363
1369
5313
8846
3579
9331
4793
5307
9431
9346
2216
5491
3408
2607
5861
4735
3984
8667
7690
4502
8836
4824
2053
3687
9781
6571
4494
8909
621
8216
2664
3539
456
4646
1022
900
6707
8627
3252
8190
9849
702
9556
8202
8117
3856
7807
8556
2620
8774
7916
7752
6372
1781
4834
7672
6801
1251
2407
8632
1011
7398
9418
7402
1453
7086
5187
5250
6456
4562
9693
8367
3567
966
8268
2433
4986
6402
8140
4574
8727
5750
824
8318
2582
9444
9766
6214
4683
180
8535
988
1658
5516
3501
4215
6456
8606
1988
2535
4956
4585
5054
9183
4730
7552
1471
1091
480
3687
450
7377
4222
5222
759
9514
4779
8688
6332
499
8047
8196
5095
1910
9461
8026
278
1748
189
9369
7301
9874
7139
9473
5748
8455
8485
5785
9400
2232
59
192
6515
2022
5190
6076
825
4188
3451
4549
915
2646
6859
5304
3353
7989
5473
704
3693
4890
8235
6823
8940
5922
5032
3721
5496
9058
384
8885
9528
7288
8001
2707
3499
2066
3374
2450
1528
8263
8257
9128
817
170
4806
1727
3580
5213
4325
1735
8575
4102
3648
7522
697
987
8687
5639
1283
6247
9153
5712
2081
9962
1272
8373
3427
7480
6724
5087
6091
764
8867
5408
7956
6929
5088
2476
2985
9449
1519
8658
626
974
7595
5866
1301
3581
4594
1584
1103
883
7027
1313
5585
7493
9903
5245
2896
3284
5526
4402
9391
7191
5516
1529
4960
8579
115
8422
2485
7716
5172
2855
6623
1684
3542
5456
9684
8617
3946
7145
2552
1259
1
4822
7138
892
7444
5980
422
7361
4824
7659
1031
8906
9550
7037
5844
6156
7419
961
7370
707
7024
6224
8602
4202
7597
6022
2815
597
5620
9525
5585
5928
4540
5150
4093
3925
3825
6140
116
7015
1007
391
2833
2355
1226
3478
3000
4839
4963
1591
9858
5171
1074
2713
2157
8563
2548
9484
2369
3048
6133
2766
7005
1644
5064
9848
1283
7910
7874
9309
8656
5622
1115
1828
5036
5932
9028
2569
3202
6002
3729
633
9999
3693
9968
8018
6493
8855
1979
3167
8893
7647
3917
607
8202
8135
1146
5085
7724
2902
7765
7740
7361
6011
3682
6076
6792
2258
7780
5167
33
7520
8027
421
5044
3153
5662
6048
1650
6668
4557
8055
4451
4188
1738
3033
3431
4017
1714
8983
3043
615
5473
6754
3468
5086
6300
7384
9702
9911
272
2826
2344
6157
4469
3747
3467
5944
3528
5917
2425
9172
5879
1077
237
4144
4456
3765
5354
3122
897
9435
9966
1849
5882
2144
2793
3283
6584
9250
6233
5995
7637
9842
8631
2562
6808
7337
1607
8632
386
9860
340
8823
7183
7252
9440
5297
4639
1114
4114
6798
5092
4155
4661
8080
9911
4878
2382
5959
1588
9927
7986
5478
5369
1307
8719
5404
8529
7968
6132
7346
6730
1480
1183
5259
6930
2071
9785
971
4360
5260
9237
8688
9904
8691
8227
187
753
6071
2376
2719
9485
4994
4134
3652
6127
2087
686
1173
110
2693
1628
2419
6722
2155
606
1765
7188
6436
8377
5475
6322
926
3259
973
6565
7883
2073
5609
2889
5001
4815
1264
6379
8135
124
1927
583
8852
7101
3798
4167
7510
8242
914
449
4877
4062
1090
772
8106
6857
3575
909
9493
4078
2430
3618
4305
1146
159
7544
2981
9521
7379
2099
5556
644
8165
396
2083
4008
6400
5111
5599
6032
8984
4781
2771
7582
4101
3231
7232
8406
8942
9255
6693
9674
1189
5703
4208
300
5957
4809
4629
7972
2745
9760
9521
8725
7889
1390
9795
8786
2713
5948
4055
3729
5914
7209
1377
5357
9205
5489
3457
4475
3391
9020
496
5331
4389
3397
6255
7223
8420
5057
1970
6525
526
3710
8134
9852
4396
4537
9753
9373
320
4732
3195
8433
4901
7776
4403
7469
2949
2339
2604
8352
6842
4501
7436
5409
2289
8009
179
2540
7597
7672
4754
6678
9389
4254
9578
8616
5259
6798
241
9454
6880
143
4331
6794
3808
4491
3881
1229
9148
9989
3791
1961
7282
5651
4693
37
1374
8711
421
9173
4399
1446
6659
9855
7705
5571
2821
784
3713
3334
1707
3858
2721
8896
2560
6041
6264
7815
1921
7343
2079
5162
7481
680
9301
5268
4840
1846
7539
9475
90
572
8400
472
3463
2398
6759
6819
2974
1278
1724
6675
5999
3424
9313
6091
1406
562
9700
5573
5125
7695
1022
1960
5652
7151
8811
5632
4249
8262
5618
8014
2954
1062
4303
7015
1720
4580
1374
3556
7168
9432
267
5423
5874
9329
3291
4384
6672
8943
3241
696
2861
5505
8319
6262
3482
6460
8928
5201
809
1462
343
4715
3778
1885
1482
196
1909
9045
2634
1322
9881
7877
9905
5856
3110
2478
8444
7464
5836
6685
4083
1524
9954
6249
3689
7686
7047
9901
8236
1137
3240
6084
6272
4394
270
322
7212
9075
4757
6799
7111
2917
8636
6067
6911
5954
8797
8052
941
7769
588
3686
8942
2134
1266
4032
650
8212
3039
9449
2706
2881
498
8321
5895
7941
5521
7624
5801
7240
188
2948
2084
9566
1403
4664
3905
7644
1708
3249
6033
9276
5700
1455
7764
7004
4555
4596
6594
7493
2226
8017
8939
6569
7017
4112
4485
2396
2487
6748
7947
4171
3736
1830
1160
378
2842
3994
9449
6565
2920
7237
8436
2636
7025
9537
7060
8310
4248
9179
2037
3845
5390
4059
1601
7925
8284
7064
456
4550
4121
6449
997
3683
449
7696
6147
5506
7772
3009
8525
8851
1503
4096
3272
4096
4268
6842
9421
8932
3857
5088
4309
8311
9789
9010
635
3121
8770
765
8533
8879
5070
9802
6225
757
4454
3510
6679
1809
6441
9708
465
5228
1291
2771
4579
5892
9593
8896
57
2888
2561
8256
7380
4897
7268
1532
9754
2316
4977
7425
5635
2630
800
8754
4016
4571
1507
2372
7007
6357
8235
1034
1781
981
2786
6366
5438
6422
6817
9475
2356
2361
6546
8260
3206
5869
565
4014
8711
391
5483
4035
3665
6641
4394
1621
4985
6759
8842
2932
5663
379
5607
8352
9905
1619
3959
4842
3614
8533
5267
9075
6265
5756
4750
2936
7946
9566
4540
1998
7654
4410
2901
5597
2118
2524
4674
8244
5997
1116
2893
1448
3120
6982
844
2822
552
4694
3021
3593
5726
1152
2084
7684
4576
4261
1180
8486
7793
7442
7819
2097
7558
8118
9837
3908
1984
1820
6445
9942
4397
7317
1004
4574
8909
2298
8101
2369
3747
6167
9074
329
4281
7782
926
6523
6696
7529
5700
9888
2626
2918
2154
3159
2590
9445
9356
3029
7945
2719
7379
8399
3459
3989
4421
3979
1826
3103
5372
4512
9118
9231
5798
8160
9006
8578
9962
9394
8746
227
3152
6028
5005
7388
1715
5244
6880
9860
7924
9704
6036
6237
1025
2032
699
8828
3658
6094
708
8317
8893
7014
1321
9797
4898
1707
2944
4826
8482
3185
5304
4313
1384
9719
9385
7508
5056
6177
720
435
4773
3567
9866
73
4991
4675
4837
1221
9903
1960
4291
4381
7237
5796
7871
4854
4238
9916
2852
6372
5035
2035
3412
8502
8646
1916
2515
5451
1579
7031
177
443
230
1032
4947
43
7847
6002
6524
7526
4758
8384
9761
9844
6116
28
379
681
5277
215
4287
5463
91
1239
982
5050
6970
4141
2080
1609
9197
8512
3280
5774
6460
7673
8575
3364
649
6506
7201
8953
8101
6563
7119
1813
1172
7887
5688
426
8174
8507
7662
8680
2123
77
9036
4783
4459
3854
7935
9158
4330
6394
5552
9369
7776
230
7080
9443
4216
3227
9226
5461
6793
2626
120
7971
6047
4040
3700
6930
3348
9045
9038
9440
5449
110
2009
4853
5385
5963
3702
8216
8274
8789
6281
7016
6006
4585
6993
8274
7035
7842
8440
3494
4517
166
2387
4899
2135
2153
9247
345
8246
1885
223
4604
3294
1346
6490
4493
7246
2214
4064
1904
2692
6670
6336
1912
7726
7550
4423
4488
996
3322
7291
4494
5149
7469
720
922
7591
2576
5419
9636
3250
9622
7662
3434
618
4405
1919
95
2716
8476
2773
829
438
823
1563
1399
4828
8389
9909
6563
5968
2692
3236
2159
6955
5405
2507
3746
5169
8439
2912
5863
5095
1562
1488
7654
9519
9967
6122
1954
