11
13
30
33
39
76
78
85
103
106
116
118
119
129
134
141
143
150
155
174
180
182
192
199
201
205
217
220
222
239
242
253
267
268
278
286
308
309
323
331
345
346
348
350
354
383
390
427
456
458
458
466
469
470
471
477
483
500
518
520
531
539
550
585
586
635
639
646
652
677
716
724
726
731
734
749
776
778
815
816
823
851
874
892
894
925
933
951
964
970
970
972
972
983
1009
1014
1021
1028
1036
1050
1056
1059
1103
1117
1127
1130
1155
1156
1159
1159
1167
1170
1189
1190
1238
1238
1257
1259
1264
1265
1269
1272
1284
1291
1294
1294
1308
1334
1346
1358
1358
1364
1397
1397
1401
1418
1423
1428
1435
1435
1440
1463
1466
1470
1479
1492
1493
1497
1500
1503
1516
1527
1527
1531
1557
1570
1579
1583
1599
1603
1621
1623
1636
1650
1651
1654
1655
1657
1682
1686
1687
1697
1699
1710
1711
1715
1732
1733
1739
1763
1763
1764
1779
1801
1812
1818
1828
1831
1836
1859
1862
1864
1869
1880
1890
1899
1905
1911
1914
1914
1924
1932
1939
1945
1945
1946
1978
1986
2004
2007
2008
2014
2017
2021
2037
2048
2050
2071
2071
2072
2079
2095
2102
2102
2103
2112
2120
2127
2131
2145
2151
2154
2157
2168
2168
2171
2195
2195
2197
2199
2211
2237
2268
2284
2288
2293
2310
2312
2317
2354
2363
2374
2378
2392
2393
2394
2395
2396
2407
2429
2445
2473
2487
2497
2499
2501
2502
2505
2509
2523
2525
2529
2537
2540
2565
2577
2580
2583
2590
2608
2617
2621
2648
2659
2664
2672
2675
2685
2687
2694
2710
2722
2727
2735
2735
2740
2744
2757
2771
2782
2787
2790
2791
2798
2816
2816
2816
2835
2845
2853
2863
2875
2876
2885
2887
2888
2888
2950
2951
2952
2953
2953
2965
2972
2983
2988
2989
2990
3016
3019
3024
3027
3027
3058
3081
3096
3119
3136
3149
3153
3156
3161
3164
3165
3175
3187
3189
3204
3217
3222
3224
3225
3246
3261
3262
3306
3323
3325
3332
3338
3357
3367
3397
3400
3423
3429
3435
3439
3446
3450
3454
3478
3495
3496
3510
3515
3522
3523
3525
3527
3531
3564
3578
3593
3614
3617
3624
3629
3635
3647
3649
3686
3687
3700
3716
3719
3722
3722
3724
3741
3748
3764
3767
3768
3787
3816
3828
3857
3873
3880
3891
3892
3894
3909
3909
3913
3950
3950
3972
4001
4007
4011
4018
4028
4032
4037
4047
4054
4064
4069
4071
4084
4092
4119
4123
4124
4126
4155
4156
4159
4171
4194
4201
4216
4229
4242
4244
4247
4251
4253
4263
4324
4344
4376
4384
4386
4393
4405
4408
4419
4425
4426
4444
4475
4482
4483
4492
4493
4495
4497
4512
4514
4536
4536
4558
4572
4575
4580
4580
4592
4601
4604
4609
4611
4626
4632
4636
4637
4647
4672
4685
4697
4703
4733
4733
4735
4743
4749
4750
4751
4776
4777
4791
4799
4800
4810
4825
4834
4850
4855
4857
4867
4869
4874
4890
4891
4900
4940
5025
5048
5049
5053
5073
5077
5084
5094
5123
5134
5135
5150
5170
5177
5178
5192
5209
5215
5219
5228
5232
5249
5256
5257
5259
5279
5295
5303
5304
5324
5325
5333
5340
5347
5356
5358
5360
5366
5367
5383
5388
5388
5407
5436
5457
5478
5478
5496
5498
5502
5513
5525
5526
5527
5555
5569
5585
5603
5615
5618
5622
5629
5630
5634
5639
5645
5656
5675
5686
5705
5721
5724
5729
5745
5750
5755
5764
5765
5768
5774
5781
5792
5793
5799
5821
5839
5840
5845
5846
5850
5852
5855
5868
5868
5869
5899
5905
5910
5932
5934
5940
5956
5961
5963
5966
5974
5979
5982
5992
5999
6002
6030
6031
6037
6038
6062
6065
6066
6075
6101
6108
6119
6137
6141
6166
6190
6192
6201
6205
6214
6237
6252
6284
6317
6336
6351
6373
6375
6381
6390
6410
6414
6416
6433
6442
6451
6476
6482
6488
6492
6532
6539
6574
6587
6604
6611
6637
6644
6651
6658
6663
6666
6666
6675
6678
6691
6693
6722
6723
6754
6759
6770
6777
6784
6791
6805
6810
6812
6830
6848
6869
6874
6896
6909
6938
6940
6941
6949
6958
6967
6978
6991
6991
7024
7028
7030
7051
7054
7063
7087
7110
7120
7121
7135
7162
7178
7195
7204
7232
7236
7245
7257
7261
7261
7271
7271
7308
7336
7361
7368
7381
7401
7405
7412
7424
7443
7452
7460
7476
7479
7495
7503
7507
7517
7540
7578
7579
7614
7621
7629
7634
7637
7660
7669
7684
7687
7693
7696
7698
7701
7717
7726
7728
7736
7737
7744
7749
7775
7780
7796
7806
7815
7830
7873
7876
7886
7906
7921
7928
7932
7936
7960
7978
7979
7993
7995
7995
7997
8015
8024
8027
8035
8050
8075
8089
8094
8108
8108
8117
8140
8157
8162
8162
8162
8176
8186
8188
8199
8212
8218
8220
8225
8232
8263
8269
8281
8290
8292
8307
8324
8339
8347
8373
8373
8398
8405
8411
8432
8449
8454
8456
8462
8467
8470
8481
8492
8493
8507
8509
8512
8514
8526
8529
8533
8536
8539
8539
8546
8550
8551
8564
8566
8567
8568
8574
8574
8579
8587
8619
8627
8627
8634
8637
8642
8650
8657
8661
8678
8697
8701
8702
8719
8737
8740
8741
8745
8751
8756
8764
8765
8765
8772
8826
8834
8838
8842
8851
8851
8854
8856
8889
8904
8905
8935
8940
8943
8944
8964
8983
9027
9031
9032
9035
9047
9051
9085
9086
9086
9087
9093
9106
9118
9127
9140
9148
9182
9182
9192
9195
9203
9207
9216
9217
9242
9242
9262
9270
9286
9307
9315
9330
9345
9346
9372
9422
9425
9437
9479
9480
9487
9491
9507
9521
9521
9521
9529
9530
9535
9538
9546
9555
9560
9566
9568
9570
9576
9583
9594
9601
9604
9607
9611
9628
9636
9645
9660
9681
9688
9713
9718
9720
9727
9735
9750
9764
9804
9811
9817
9833
9847
9858
9875
9881
9895
9904
9922
9944
9967
9967
9977
9999
9999
