2
5
7
16
33
34
56
61
67
75
83
86
101
104
109
113
114
117
121
134
142
160
165
182
185
185
191
192
207
211
219
225
230
232
233
233
245
252
282
292
295
312
316
321
322
324
326
329
338
348
349
363
386
394
417
430
436
454
455
464
484
488
496
505
506
514
523
528
542
545
551
551
567
583
613
613
623
632
662
686
690
710
711
713
716
717
726
742
757
767
774
784
798
825
828
837
851
882
885
886
888
915
925
936
960
963
970
972
984
992
1004
1017
1061
1123
1127
1127
1129
1136
1143
1145
1148
1172
1174
1186
1188
1195
1205
1210
1243
1252
1266
1274
1278
1278
1298
1302
1331
1354
1383
1388
1392
1403
1403
1415
1459
1461
1461
1463
1468
1479
1492
1508
1516
1518
1518
1527
1578
1595
1595
1599
1603
1626
1654
1663
1666
1670
1672
1709
1713
1715
1716
1719
1728
1728
1729
1743
1744
1745
1757
1770
1776
1783
1792
1810
1821
1851
1854
1860
1870
1879
1891
1892
1897
1901
1913
1914
1917
1917
1929
1935
1936
1973
1976
2010
2010
2018
2019
2022
2035
2057
2083
2096
2109
2115
2124
2145
2178
2185
2195
2198
2200
2239
2264
2272
2281
2291
2294
2297
2300
2311
2318
2319
2368
2369
2403
2405
2410
2411
2419
2422
2425
2438
2438
2450
2466
2470
2474
2491
2494
2496
2498
2507
2516
2520
2526
2530
2544
2553
2554
2558
2559
2565
2577
2582
2584
2593
2594
2616
2633
2654
2656
2662
2676
2691
2697
2704
2713
2718
2720
2725
2735
2748
2750
2751
2753
2772
2780
2780
2788
2792
2797
2801
2801
2805
2815
2816
2841
2849
2850
2854
2858
2872
2876
2894
2895
2899
2900
2900
2914
2930
2937
2937
2937
2958
2969
2975
2985
2996
3005
3025
3028
3037
3038
3042
3051
3070
3078
3099
3101
3112
3117
3121
3124
3152
3161
3162
3165
3169
3176
3176
3183
3184
3192
3192
3202
3203
3209
3230
3240
3247
3266
3279
3315
3329
3344
3346
3354
3366
3371
3375
3384
3392
3414
3422
3427
3433
3440
3457
3464
3483
3485
3495
3510
3523
3526
3542
3545
3546
3549
3566
3632
3648
3676
3693
3713
3718
3733
3735
3761
3781
3784
3787
3797
3797
3808
3810
3865
3869
3875
3886
3902
3929
3935
3937
3941
3946
3952
3984
3998
4032
4033
4038
4051
4059
4066
4076
4076
4085
4095
4097
4098
4131
4141
4142
4159
4173
4179
4183
4185
4194
4220
4221
4239
4278
4280
4296
4298
4304
4307
4307
4320
4326
4327
4328
4339
4341
4344
4344
4347
4354
4362
4364
4376
4401
4427
4431
4431
4434
4451
4469
4493
4506
4508
4518
4556
4557
4582
4587
4633
4642
4665
4674
4683
4688
4707
4712
4715
4722
4731
4734
4741
4745
4748
4751
4761
4764
4773
4774
4811
4814
4843
4848
4851
4862
4863
4865
4867
4899
4943
4943
4956
4973
4984
4985
4995
4997
4998
5001
5001
5013
5018
5037
5052
5052
5053
5076
5088
5092
5095
5117
5123
5125
5135
5141
5164
5165
5167
5191
5206
5219
5226
5226
5228
5230
5240
5261
5262
5272
5274
5278
5299
5315
5321
5328
5343
5354
5362
5376
5389
5422
5427
5433
5439
5460
5468
5476
5493
5497
5499
5505
5518
5519
5543
5551
5556
5560
5563
5582
5603
5608
5609
5612
5618
5630
5647
5671
5684
5706
5710
5738
5741
5759
5761
5783
5790
5810
5813
5815
5833
5835
5856
5860
5872
5885
5893
5901
5907
5908
5911
5912
5919
5925
5932
5940
5942
5951
5958
5974
5975
5978
5979
5979
6004
6007
6014
6019
6026
6051
6055
6059
6078
6094
6109
6121
6129
6130
6133
6134
6156
6158
6168
6169
6185
6186
6194
6217
6224
6235
6243
6244
6246
6251
6259
6272
6281
6302
6322
6335
6339
6339
6350
6351
6361
6366
6370
6388
6395
6401
6410
6411
6412
6421
6425
6476
6483
6491
6492
6500
6503
6504
6521
6549
6552
6554
6561
6596
6611
6620
6636
6636
6644
6660
6667
6667
6669
6670
6674
6676
6683
6684
6695
6701
6715
6726
6729
6733
6738
6743
6743
6748
6765
6790
6806
6814
6835
6845
6846
6846
6859
6866
6871
6874
6893
6895
6901
6920
6927
6945
6954
6969
6982
6983
6994
6994
7006
7011
7011
7029
7033
7035
7043
7048
7057
7093
7095
7103
7110
7110
7119
7128
7136
7144
7151
7165
7175
7179
7215
7223
7227
7233
7260
7272
7275
7278
7304
7315
7326
7328
7330
7331
7332
7337
7343
7357
7377
7378
7381
7437
7448
7450
7465
7481
7488
7526
7528
7560
7572
7575
7575
7584
7585
7592
7594
7599
7641
7650
7658
7661
7667
7675
7679
7690
7750
7754
7764
7767
7773
7787
7799
7810
7822
7841
7845
7867
7876
7893
7905
7925
7936
7949
7956
7961
7982
7992
7997
8025
8037
8045
8061
8088
8092
8093
8093
8100
8106
8116
8119
8129
8130
8140
8149
8155
8165
8169
8179
8187
8194
8203
8207
8213
8234
8242
8243
8243
8245
8252
8252
8268
8269
8276
8312
8327
8335
8356
8357
8366
8366
8372
8377
8381
8391
8393
8398
8406
8425
8430
8433
8436
8448
8465
8484
8486
8493
8532
8536
8563
8566
8575
8576
8584
8592
8604
8607
8678
8685
8688
8699
8703
8713
8721
8768
8769
8790
8794
8814
8817
8817
8834
8838
8853
8869
8918
8919
8920
8921
8961
8962
8981
8987
8988
8999
8999
9008
9012
9023
9029
9052
9058
9072
9081
9095
9096
9097
9111
9116
9120
9123
9143
9145
9157
9163
9194
9194
9200
9206
9211
9212
9214
9215
9221
9228
9237
9275
9276
9301
9316
9330
9336
9343
9343
9369
9387
9399
9400
9438
9456
9468
9469
9497
9515
9521
9533
9571
9585
9598
9602
9613
9615
9633
9666
9667
9677
9687
9697
9697
9707
9725
9766
9776
9780
9785
9795
9797
9797
9809
9820
9858
9861
9886
9908
9916
9919
9948
9954
9955
9955
9972
9982
9987
9988
