14
20
24
26
29
29
30
33
34
48
48
59
61
63
66
73
73
80
84
99
102
115
152
153
154
172
173
182
185
189
202
205
206
211
233
253
254
277
282
283
288
290
304
310
314
323
326
332
346
374
407
427
441
442
465
468
476
479
487
488
501
526
533
554
556
570
591
613
616
616
617
634
636
650
657
678
682
685
692
696
703
708
725
729
737
744
748
759
763
763
767
768
774
790
796
796
821
825
832
836
840
856
863
868
890
902
907
916
924
963
972
989
991
1025
1026
1054
1055
1057
1070
1077
1080
1081
1100
1108
1121
1159
1178
1198
1206
1207
1216
1241
1263
1267
1274
1316
1317
1318
1322
1326
1357
1365
1374
1398
1406
1410
1413
1445
1464
1470
1499
1499
1505
1536
1536
1537
1558
1569
1570
1574
1595
1595
1623
1626
1630
1633
1633
1637
1639
1658
1659
1660
1661
1662
1672
1699
1706
1732
1741
1742
1753
1758
1760
1762
1768
1781
1787
1792
1796
1804
1816
1828
1837
1838
1846
1861
1865
1866
1875
1882
1889
1908
1909
1914
1915
1917
1918
1944
1976
1980
1989
1994
1994
2001
2013
2018
2018
2020
2028
2029
2036
2041
2043
2058
2073
2073
2075
2079
2091
2114
2127
2175
2210
2213
2223
2224
2231
2237
2274
2281
2303
2308
2308
2314
2316
2318
2353
2356
2361
2378
2383
2393
2402
2403
2436
2441
2444
2446
2447
2459
2475
2481
2515
2523
2526
2539
2550
2563
2565
2581
2588
2589
2591
2591
2601
2634
2646
2648
2665
2681
2683
2699
2702
2705
2707
2733
2738
2742
2752
2758
2767
2767
2785
2791
2875
2888
2892
2899
2951
2967
2977
2980
3012
3015
3019
3033
3057
3075
3081
3082
3083
3116
3159
3197
3198
3235
3265
3269
3282
3283
3295
3302
3314
3323
3339
3355
3362
3363
3368
3371
3381
3383
3390
3394
3431
3435
3450
3456
3460
3481
3490
3492
3506
3506
3511
3524
3542
3558
3565
3572
3585
3595
3596
3602
3606
3608
3608
3610
3629
3639
3643
3643
3665
3667
3687
3693
3707
3708
3726
3738
3746
3751
3763
3765
3768
3782
3784
3790
3795
3800
3801
3822
3833
3834
3846
3874
3890
3912
3913
3973
3980
3995
4010
4014
4033
4056
4057
4109
4115
4120
4124
4129
4141
4147
4154
4159
4161
4163
4168
4199
4207
4220
4233
4235
4236
4238
4242
4272
4278
4281
4283
4293
4324
4324
4343
4360
4387
4393
4395
4411
4432
4450
4466
4468
4468
4482
4482
4489
4502
4518
4523
4523
4525
4531
4535
4539
4551
4569
4570
4596
4611
4616
4654
4655
4658
4658
4700
4720
4743
4748
4753
4753
4764
4765
4790
4791
4794
4801
4802
4803
4807
4815
4861
4866
4868
4886
4890
4900
4904
4908
4916
4920
4921
4924
4935
4959
4966
4970
4972
4977
4978
4988
4992
5004
5013
5024
5027
5029
5046
5060
5085
5088
5101
5102
5114
5115
5121
5146
5152
5169
5174
5183
5187
5189
5190
5201
5201
5228
5242
5244
5259
5268
5281
5300
5302
5303
5308
5308
5323
5333
5337
5345
5356
5363
5364
5366
5377
5395
5400
5408
5408
5418
5422
5464
5477
5479
5479
5494
5494
5511
5521
5522
5534
5536
5538
5562
5564
5587
5597
5608
5613
5613
5615
5624
5625
5625
5643
5644
5649
5659
5663
5668
5687
5693
5697
5697
5705
5706
5707
5708
5729
5734
5748
5751
5763
5764
5765
5767
5797
5830
5835
5852
5856
5879
5882
5887
5889
5892
5897
5906
5918
5923
5927
5929
5945
5946
5963
5970
5980
5986
6014
6027
6035
6036
6050
6053
6054
6056
6068
6074
6079
6083
6101
6112
6112
6145
6157
6169
6198
6202
6210
6225
6252
6269
6279
6284
6286
6308
6314
6321
6331
6371
6374
6378
6388
6389
6389
6417
6418
6418
6455
6493
6506
6519
6520
6526
6527
6531
6541
6552
6557
6564
6567
6569
6574
6575
6578
6581
6584
6599
6600
6601
6603
6632
6645
6650
6653
6673
6685
6697
6719
6721
6725
6747
6748
6753
6757
6766
6792
6805
6833
6854
6864
6870
6901
6901
6913
6919
6924
6936
6957
6962
6968
6981
6982
6983
6985
7006
7011
7017
7042
7058
7081
7083
7086
7089
7094
7101
7110
7142
7165
7170
7171
7171
7172
7175
7190
7191
7210
7212
7213
7214
7225
7227
7227
7232
7236
7241
7254
7255
7256
7274
7276
7277
7282
7284
7290
7292
7308
7311
7318
7329
7329
7329
7335
7339
7352
7354
7368
7376
7378
7382
7392
7394
7407
7430
7440
7450
7507
7521
7534
7536
7540
7540
7557
7559
7575
7593
7602
7610
7618
7631
7631
7641
7656
7669
7680
7690
7691
7705
7706
7709
7719
7730
7757
7791
7800
7801
7810
7812
7812
7837
7838
7855
7867
7909
7941
7958
7961
7963
7968
7974
7977
8050
8079
8086
8098
8108
8113
8116
8118
8126
8141
8145
8156
8160
8163
8173
8205
8206
8207
8223
8248
8254
8256
8281
8286
8324
8338
8342
8360
8373
8383
8391
8394
8415
8427
8439
8448
8477
8484
8485
8492
8499
8506
8514
8517
8534
8537
8546
8563
8573
8576
8581
8588
8598
8603
8627
8628
8630
8647
8654
8694
8703
8713
8729
8729
8749
8758
8769
8771
8781
8808
8810
8813
8832
8845
8850
8870
8885
8892
8892
8892
8902
8923
8935
8938
8938
8945
8996
9013
9019
9023
9031
9043
9086
9096
9096
9098
9101
9102
9126
9137
9145
9151
9151
9152
9157
9184
9196
9196
9198
9206
9212
9242
9255
9261
9264
9266
9288
9288
9308
9310
9315
9326
9326
9329
9333
9336
9338
9348
9361
9364
9365
9369
9375
9375
9386
9388
9408
9420
9437
9439
9445
9461
9461
9464
9467
9470
9470
9485
9485
9493
9543
9562
9571
9576
9586
9621
9633
9652
9653
9661
9663
9679
9717
9719
9720
9721
9725
9729
9784
9798
9834
9834
9869
9908
9913
9915
9924
9933
9934
9936
9944
9945
9947
9967
9968
9992
9995
