2
8
10
16
23
35
55
73
117
127
141
142
153
154
159
161
193
200
204
205
226
262
264
271
305
316
330
331
337
347
363
365
367
395
407
417
418
426
428
430
440
446
448
450
453
457
493
499
503
506
510
516
518
558
565
565
572
585
588
589
591
592
598
600
618
636
659
668
688
715
723
731
751
760
779
787
793
799
836
870
881
881
890
897
901
904
917
935
937
962
967
988
1004
1010
1021
1028
1050
1087
1090
1098
1099
1123
1132
1142
1145
1147
1154
1159
1164
1214
1220
1221
1222
1223
1226
1261
1266
1266
1272
1272
1274
1322
1323
1328
1329
1344
1348
1354
1355
1372
1373
1379
1399
1410
1413
1426
1433
1454
1456
1466
1469
1482
1493
1512
1517
1518
1522
1540
1543
1552
1562
1582
1583
1584
1585
1595
1602
1611
1613
1614
1616
1635
1644
1647
1653
1658
1675
1683
1689
1718
1719
1756
1763
1769
1772
1793
1827
1835
1837
1841
1844
1846
1847
1860
1866
1878
1892
1897
1901
1936
1940
1950
1958
1959
1964
1968
1970
1990
1996
2005
2010
2026
2028
2055
2069
2101
2147
2178
2184
2186
2187
2197
2205
2206
2220
2228
2231
2251
2272
2299
2299
2311
2324
2325
2326
2357
2364
2369
2376
2384
2416
2424
2428
2437
2442
2448
2461
2471
2484
2488
2492
2495
2501
2541
2550
2561
2571
2594
2610
2615
2617
2639
2640
2641
2647
2652
2662
2692
2698
2718
2734
2737
2758
2798
2812
2818
2819
2823
2835
2846
2870
2870
2872
2880
2885
2892
2897
2916
2930
2944
2971
2983
2990
3001
3013
3024
3026
3030
3063
3075
3116
3121
3126
3128
3130
3138
3151
3188
3196
3197
3197
3200
3212
3213
3219
3223
3238
3239
3267
3267
3287
3294
3309
3312
3318
3327
3329
3356
3366
3366
3378
3389
3391
3391
3410
3411
3417
3452
3461
3494
3499
3516
3521
3526
3530
3532
3538
3550
3565
3566
3569
3571
3574
3584
3592
3593
3605
3611
3615
3621
3624
3635
3642
3642
3649
3652
3662
3663
3666
3677
3680
3687
3687
3689
3702
3760
3764
3768
3770
3790
3796
3801
3815
3840
3847
3850
3854
3858
3872
3884
3890
3900
3906
3917
3917
3928
3936
3966
3972
3979
4006
4017
4037
4055
4062
4066
4069
4075
4111
4116
4116
4122
4133
4141
4160
4171
4180
4187
4194
4203
4244
4258
4258
4262
4268
4311
4315
4317
4359
4372
4387
4418
4418
4418
4429
4449
4462
4463
4472
4489
4501
4516
4554
4568
4569
4571
4586
4588
4614
4619
4629
4632
4647
4647
4650
4666
4687
4694
4705
4712
4718
4737
4738
4742
4749
4761
4788
4789
4798
4835
4848
4860
4875
4876
4909
4910
4939
4946
4960
4962
4968
4969
4977
4991
4999
5003
5015
5023
5024
5033
5048
5050
5051
5056
5056
5081
5083
5097
5106
5123
5128
5138
5147
5159
5168
5171
5186
5192
5197
5215
5245
5249
5255
5259
5268
5283
5287
5293
5301
5312
5314
5327
5329
5332
5334
5335
5337
5345
5351
5357
5423
5424
5426
5428
5454
5457
5462
5469
5469
5469
5472
5475
5481
5488
5491
5511
5525
5531
5535
5536
5539
5542
5543
5560
5592
5592
5595
5602
5607
5609
5618
5624
5626
5631
5631
5632
5639
5643
5648
5653
5665
5670
5678
5684
5707
5714
5730
5744
5745
5787
5805
5811
5834
5840
5849
5862
5885
5889
5890
5893
5896
5906
5907
5929
5940
5945
5952
5953
5960
5976
5981
5993
5995
5999
6012
6017
6021
6031
6031
6041
6045
6052
6063
6074
6074
6075
6083
6085
6089
6091
6093
6109
6112
6122
6123
6144
6157
6162
6173
6181
6181
6215
6238
6247
6265
6276
6284
6285
6290
6305
6335
6340
6342
6352
6360
6366
6383
6389
6399
6401
6435
6443
6456
6467
6478
6480
6485
6491
6497
6518
6520
6524
6529
6533
6542
6557
6566
6569
6569
6589
6605
6606
6610
6617
6641
6663
6665
6683
6685
6697
6718
6718
6723
6727
6733
6739
6743
6749
6771
6775
6777
6778
6794
6794
6796
6797
6811
6818
6836
6839
6856
6870
6874
6888
6916
6929
6938
6940
6958
6972
6983
6990
7004
7045
7067
7078
7084
7095
7099
7114
7123
7127
7128
7131
7133
7135
7158
7165
7168
7182
7188
7192
7195
7195
7247
7249
7261
7270
7275
7279
7284
7293
7298
7299
7299
7321
7331
7337
7343
7347
7378
7384
7390
7390
7394
7395
7400
7409
7416
7418
7420
7445
7457
7460
7462
7470
7501
7520
7526
7531
7533
7533
7537
7559
7578
7581
7583
7597
7607
7639
7654
7658
7674
7687
7699
7701
7706
7708
7713
7727
7728
7729
7744
7762
7788
7796
7803
7811
7843
7848
7848
7874
7878
7887
7888
7904
7909
7923
7933
7935
7937
7975
7984
7997
8005
8009
8017
8019
8056
8067
8068
8071
8080
8084
8086
8119
8134
8135
8146
8148
8163
8165
8173
8181
8189
8192
8209
8236
8239
8270
8278
8281
8290
8298
8304
8304
8308
8309
8327
8333
8339
8355
8358
8370
8375
8380
8387
8392
8406
8415
8433
8436
8440
8455
8461
8468
8470
8475
8511
8512
8521
8528
8528
8537
8543
8554
8563
8572
8578
8583
8593
8594
8597
8613
8633
8651
8656
8659
8660
8664
8668
8669
8670
8671
8673
8686
8691
8718
8734
8734
8735
8741
8743
8743
8757
8795
8828
8834
8841
8863
8870
8881
8889
8912
8935
8939
8973
8985
8991
9008
9023
9040
9059
9066
9068
9085
9086
9088
9089
9092
9098
9107
9115
9115
9122
9125
9139
9141
9158
9161
9173
9196
9198
9208
9231
9235
9244
9252
9272
9278
9285
9294
9304
9324
9333
9335
9351
9356
9366
9379
9380
9405
9413
9434
9441
9441
9476
9488
9500
9537
9546
9549
9558
9579
9591
9603
9610
9619
9629
9630
9639
9656
9661
9665
9667
9673
9677
9680
9681
9682
9701
9709
9716
9734
9745
9772
9800
9827
9829
9841
9848
9853
9859
9881
9903
9907
9919
9977
9977
9997
