8
18
26
27
29
86
110
123
125
127
127
131
133
136
141
143
174
199
200
218
240
256
256
258
261
282
287
326
332
334
340
340
344
347
351
359
376
377
385
395
402
424
428
430
435
457
505
510
520
520
534
551
583
595
604
607
620
620
626
637
639
648
649
658
672
681
689
701
731
735
738
739
746
755
777
786
792
792
796
811
814
854
855
866
870
875
900
904
920
945
950
966
967
977
981
1018
1029
1049
1058
1058
1063
1067
1068
1079
1081
1086
1088
1089
1107
1124
1127
1148
1166
1172
1217
1222
1225
1230
1234
1241
1256
1279
1284
1293
1307
1324
1330
1341
1343
1366
1380
1387
1401
1401
1418
1427
1446
1456
1473
1480
1495
1518
1543
1546
1555
1568
1589
1608
1619
1621
1622
1636
1642
1655
1656
1664
1668
1676
1678
1702
1708
1732
1744
1750
1753
1757
1768
1779
1782
1783
1795
1816
1823
1824
1828
1863
1868
1887
1898
1905
1906
1916
1920
1924
1942
1944
1946
1948
1950
1953
1976
1978
2013
2031
2042
2042
2057
2059
2076
2079
2095
2097
2109
2136
2148
2152
2158
2166
2200
2211
2211
2222
2226
2231
2240
2242
2243
2244
2261
2262
2264
2271
2284
2286
2288
2292
2297
2312
2319
2333
2390
2397
2404
2432
2442
2473
2490
2517
2529
2575
2582
2583
2602
2604
2614
2640
2652
2663
2667
2681
2701
2709
2715
2732
2734
2739
2751
2754
2769
2770
2771
2776
2783
2787
2789
2791
2801
2802
2813
2813
2816
2818
2822
2861
2867
2870
2883
2883
2892
2912
2913
2917
2917
2934
2939
2959
2961
2972
2976
2993
3009
3040
3044
3045
3060
3063
3068
3078
3086
3107
3126
3131
3132
3136
3140
3144
3150
3156
3157
3171
3192
3216
3218
3226
3240
3257
3264
3271
3280
3288
3289
3292
3294
3306
3310
3322
3323
3323
3334
3339
3384
3385
3386
3388
3392
3394
3403
3422
3425
3431
3434
3448
3456
3472
3484
3485
3486
3500
3516
3522
3522
3534
3540
3589
3594
3604
3611
3614
3620
3635
3638
3652
3665
3678
3715
3734
3740
3747
3760
3760
3763
3768
3805
3807
3811
3841
3848
3857
3880
3900
3923
3925
3929
3933
3953
3953
3974
3990
3999
4002
4011
4024
4042
4044
4046
4051
4062
4087
4093
4112
4117
4122
4130
4134
4155
4161
4186
4188
4193
4203
4228
4239
4244
4252
4257
4266
4277
4278
4296
4297
4301
4320
4328
4330
4335
4340
4368
4386
4405
4423
4440
4440
4443
4451
4477
4478
4498
4527
4557
4559
4566
4568
4569
4576
4577
4585
4588
4589
4599
4609
4628
4631
4632
4633
4633
4647
4656
4658
4658
4659
4680
4685
4691
4703
4703
4709
4757
4765
4775
4776
4814
4814
4830
4832
4836
4840
4843
4855
4877
4905
4917
4918
4920
4955
4956
4965
4965
4972
5004
5018
5026
5043
5067
5095
5104
5105
5106
5116
5128
5163
5167
5170
5173
5229
5235
5278
5293
5307
5315
5323
5338
5341
5351
5352
5388
5395
5403
5407
5425
5436
5437
5440
5463
5476
5477
5483
5498
5503
5513
5515
5516
5517
5525
5533
5543
5551
5553
5555
5561
5562
5563
5568
5577
5590
5618
5633
5645
5646
5656
5659
5694
5695
5701
5705
5715
5739
5746
5747
5751
5757
5760
5769
5787
5792
5800
5807
5823
5828
5848
5865
5877
5886
5887
5916
5921
5924
5924
5924
5925
5931
5933
5933
5941
5945
5946
5948
5961
5963
5984
5997
6001
6008
6022
6039
6048
6052
6057
6074
6076
6079
6087
6100
6101
6105
6129
6132
6132
6147
6147
6171
6174
6183
6187
6190
6198
6203
6207
6210
6213
6221
6226
6228
6234
6264
6273
6286
6299
6302
6309
6335
6337
6338
6355
6371
6386
6399
6422
6439
6439
6444
6448
6457
6476
6483
6501
6508
6511
6529
6533
6538
6555
6555
6555
6561
6577
6587
6594
6602
6603
6609
6609
6640
6647
6670
6672
6699
6707
6719
6729
6735
6735
6750
6758
6760
6767
6779
6789
6806
6807
6813
6818
6821
6825
6831
6850
6869
6878
6893
6920
6927
6933
6944
6945
6952
6956
6962
6962
6966
6976
6980
6985
6987
6995
6997
7016
7025
7049
7051
7054
7058
7074
7088
7090
7090
7091
7103
7109
7110
7120
7126
7175
7185
7185
7201
7229
7234
7239
7275
7284
7286
7304
7313
7336
7341
7362
7365
7381
7386
7402
7411
7428
7470
7475
7478
7481
7489
7494
7504
7516
7518
7528
7531
7574
7582
7603
7618
7627
7640
7649
7652
7658
7673
7682
7684
7698
7706
7723
7741
7761
7770
7773
7802
7807
7816
7824
7835
7837
7837
7865
7868
7878
7881
7882
7886
7888
7913
7917
7919
7923
7927
7930
7946
7951
7955
7957
7974
7976
7981
8017
8035
8036
8038
8049
8052
8060
8064
8064
8067
8076
8088
8090
8092
8095
8104
8133
8149
8151
8155
8165
8186
8194
8197
8219
8225
8230
8232
8236
8238
8239
8261
8267
8285
8288
8289
8311
8322
8322
8334
8344
8347
8351
8357
8384
8386
8386
8397
8415
8416
8426
8435
8483
8486
8488
8501
8504
8522
8529
8536
8548
8559
8568
8580
8584
8586
8608
8611
8613
8614
8617
8622
8649
8666
8679
8681
8687
8706
8710
8713
8717
8721
8723
8732
8755
8759
8774
8777
8778
8795
8808
8816
8817
8833
8841
8855
8864
8868
8879
8899
8907
8915
8924
8924
8926
8935
8938
8950
8960
8964
8966
8971
9003
9004
9021
9023
9023
9024
9045
9058
9072
9075
9086
9102
9117
9137
9167
9168
9180
9247
9250
9255
9260
9280
9286
9291
9302
9303
9317
9317
9317
9322
9323
9337
9339
9341
9370
9383
9406
9414
9435
9444
9455
9463
9467
9468
9497
9503
9548
9549
9577
9588
9596
9597
9648
9654
9655
9664
9693
9701
9706
9707
9708
9738
9747
9751
9794
9806
9830
9830
9849
9852
9859
9880
9881
9883
9896
9902
9911
9911
9913
9921
9923
9953
9959
9961
9965
9967
9969
9973
9983
9988
