1
1
7
8
10
12
19
29
31
86
88
94
94
99
116
117
121
145
152
155
156
166
175
197
204
219
233
242
246
247
258
277
277
283
295
308
311
316
325
326
328
329
346
360
361
380
383
391
398
426
451
453
468
469
491
493
499
502
503
504
525
541
546
556
556
561
590
613
652
673
675
684
698
700
715
720
732
734
737
739
740
752
767
813
840
853
863
868
888
916
921
932
966
969
972
974
975
978
987
989
1014
1019
1034
1052
1056
1062
1066
1068
1081
1087
1094
1095
1101
1112
1117
1124
1131
1132
1154
1156
1164
1165
1166
1176
1186
1192
1203
1206
1210
1210
1211
1224
1229
1234
1245
1250
1251
1270
1286
1287
1317
1317
1328
1362
1382
1382
1389
1394
1407
1407
1408
1453
1455
1465
1473
1474
1479
1484
1485
1500
1516
1516
1517
1522
1526
1549
1567
1572
1578
1593
1594
1595
1601
1601
1632
1661
1667
1669
1700
1701
1707
1708
1728
1765
1777
1793
1794
1799
1802
1827
1837
1843
1845
1849
1852
1853
1854
1858
1871
1879
1884
1893
1919
1959
1967
1974
1981
1984
2002
2019
2021
2023
2028
2060
2063
2075
2124
2139
2140
2169
2178
2192
2216
2219
2232
2233
2236
2242
2243
2248
2251
2255
2255
2259
2260
2265
2270
2280
2303
2325
2325
2349
2351
2356
2363
2368
2369
2378
2394
2403
2408
2423
2451
2459
2463
2472
2473
2495
2497
2501
2520
2530
2567
2581
2584
2596
2599
2604
2606
2607
2607
2610
2621
2624
2634
2634
2649
2654
2659
2665
2674
2705
2718
2734
2738
2743
2754
2755
2756
2764
2816
2824
2834
2848
2869
2888
2889
2890
2897
2901
2903
2905
2909
2917
2944
2949
2955
2975
2986
2996
3004
3007
3020
3051
3053
3077
3084
3102
3135
3159
3162
3173
3184
3189
3201
3210
3223
3246
3260
3263
3275
3276
3282
3297
3298
3319
3322
3330
3330
3331
3336
3350
3379
3382
3387
3395
3398
3419
3421
3432
3441
3442
3464
3464
3466
3474
3483
3492
3515
3530
3533
3545
3549
3552
3552
3561
3563
3572
3585
3591
3602
3609
3615
3616
3621
3640
3641
3674
3688
3689
3695
3715
3728
3733
3733
3751
3752
3756
3763
3772
3782
3801
3808
3810
3818
3823
3843
3864
3878
3882
3889
3916
3948
3987
3987
3996
3998
4014
4034
4044
4068
4075
4081
4083
4093
4116
4124
4125
4139
4140
4146
4186
4188
4214
4222
4229
4233
4249
4252
4260
4279
4281
4285
4287
4308
4336
4339
4347
4372
4379
4385
4394
4409
4430
4435
4445
4446
4455
4466
4495
4502
4512
4520
4521
4534
4546
4554
4562
4568
4570
4574
4576
4583
4586
4601
4606
4612
4615
4615
4630
4631
4636
4651
4661
4664
4685
4699
4723
4726
4730
4741
4758
4763
4770
4776
4785
4794
4798
4834
4853
4855
4858
4859
4869
4887
4911
4975
4982
4985
5004
5013
5043
5057
5063
5096
5112
5113
5117
5146
5151
5153
5161
5163
5178
5209
5217
5222
5222
5227
5230
5246
5250
5261
5263
5264
5267
5269
5274
5279
5289
5303
5306
5311
5325
5365
5374
5385
5388
5391
5399
5410
5421
5446
5462
5487
5495
5507
5520
5532
5536
5549
5572
5580
5585
5587
5592
5599
5607
5629
5634
5646
5649
5677
5679
5682
5684
5688
5698
5721
5725
5732
5737
5738
5754
5764
5768
5771
5790
5797
5810
5853
5855
5863
5868
5872
5877
5891
5894
5898
5914
5917
5925
5929
5932
5932
5968
5970
5973
5981
5999
6019
6031
6032
6035
6041
6043
6051
6062
6064
6066
6072
6074
6082
6097
6109
6120
6120
6155
6185
6188
6209
6217
6225
6242
6256
6257
6258
6259
6261
6263
6264
6269
6272
6276
6277
6278
6282
6289
6325
6337
6353
6369
6382
6395
6399
6400
6417
6421
6424
6424
6448
6453
6471
6493
6505
6520
6525
6552
6553
6557
6565
6568
6589
6603
6606
6624
6628
6628
6632
6637
6640
6646
6652
6653
6655
6658
6712
6726
6730
6748
6753
6769
6782
6789
6813
6830
6831
6838
6867
6869
6874
6874
6890
6892
6907
6910
6910
6919
6924
6951
6976
6977
6980
6985
6994
6996
6999
7075
7077
7079
7092
7100
7116
7122
7123
7129
7130
7141
7150
7157
7175
7184
7195
7202
7206
7267
7274
7278
7304
7329
7340
7341
7350
7351
7357
7376
7391
7397
7405
7407
7420
7421
7425
7428
7430
7443
7444
7459
7469
7479
7496
7498
7530
7542
7565
7566
7567
7579
7579
7583
7592
7594
7608
7625
7636
7649
7655
7659
7687
7694
7695
7705
7720
7722
7736
7778
7792
7794
7800
7843
7861
7890
7892
7894
7897
7908
7917
7921
7937
7944
7974
7978
7982
7992
7993
8007
8029
8039
8056
8056
8077
8082
8085
8092
8118
8159
8163
8174
8176
8185
8193
8197
8205
8221
8226
8227
8232
8237
8254
8262
8263
8272
8273
8291
8297
8304
8310
8313
8323
8346
8356
8359
8360
8366
8382
8388
8398
8407
8408
8410
8410
8411
8414
8445
8446
8446
8475
8481
8492
8495
8506
8512
8513
8521
8523
8524
8542
8549
8560
8570
8571
8571
8581
8585
8587
8596
8608
8623
8623
8641
8651
8659
8668
8680
8681
8696
8705
8718
8723
8732
8736
8737
8738
8738
8747
8752
8757
8763
8790
8798
8799
8804
8808
8810
8837
8856
8860
8888
8904
8909
8910
8915
8928
8931
8937
8968
8970
8979
8989
8991
8994
9007
9033
9037
9038
9060
9070
9074
9092
9092
9118
9122
9165
9165
9172
9172
9229
9237
9265
9295
9296
9325
9328
9334
9342
9353
9363
9372
9373
9379
9391
9391
9401
9410
9416
9429
9447
9452
9465
9471
9476
9499
9502
9515
9519
9525
9539
9559
9563
9566
9572
9572
9576
9577
9586
9596
9598
9608
9632
9633
9643
9651
9674
9676
9711
9727
9783
9783
9809
9815
9822
9833
9845
9847
9873
9875
9879
9887
9899
9899
9902
9922
9923
9924
9946
9954
9968
9975
9980
9985
