5
7
9
19
26
36
51
65
65
76
101
106
112
113
135
136
140
144
150
166
195
197
217
242
248
261
275
282
299
322
323
326
341
351
355
361
361
362
365
366
392
392
394
426
431
439
457
464
470
490
496
502
502
535
537
540
568
577
592
597
598
600
610
617
641
651
653
660
676
680
689
690
694
701
709
725
725
730
730
731
740
743
758
785
788
796
799
809
809
810
812
830
859
865
871
875
917
931
934
937
960
968
993
996
1018
1019
1028
1032
1035
1038
1074
1076
1080
1085
1085
1096
1119
1143
1147
1165
1177
1188
1199
1220
1243
1270
1276
1298
1311
1314
1322
1326
1334
1354
1371
1371
1389
1400
1417
1428
1444
1500
1506
1509
1510
1515
1531
1551
1562
1563
1565
1580
1609
1628
1628
1642
1643
1644
1657
1674
1674
1697
1706
1712
1738
1747
1756
1762
1762
1768
1774
1818
1823
1823
1826
1837
1837
1853
1878
1893
1899
1908
1914
1924
1954
1962
1978
2000
2014
2035
2039
2047
2050
2073
2110
2135
2141
2142
2158
2159
2159
2162
2165
2167
2170
2173
2179
2189
2200
2216
2217
2228
2240
2243
2260
2265
2290
2292
2300
2305
2336
2353
2366
2383
2384
2402
2413
2444
2454
2462
2469
2479
2481
2483
2486
2486
2495
2496
2511
2535
2540
2543
2554
2565
2567
2582
2583
2590
2603
2619
2631
2633
2642
2651
2655
2668
2674
2696
2707
2711
2717
2723
2754
2757
2762
2780
2792
2806
2811
2827
2874
2886
2892
2939
2953
2974
2976
2983
2996
3002
3008
3017
3045
3052
3058
3061
3073
3081
3086
3088
3090
3092
3112
3116
3118
3152
3177
3194
3209
3229
3261
3285
3285
3286
3292
3294
3298
3306
3307
3322
3323
3335
3348
3353
3359
3374
3394
3398
3438
3440
3446
3460
3482
3489
3504
3517
3525
3533
3540
3551
3551
3553
3572
3572
3575
3596
3599
3616
3626
3627
3652
3655
3663
3671
3672
3684
3694
3696
3699
3710
3728
3734
3751
3760
3762
3766
3767
3771
3803
3809
3818
3845
3879
3885
3890
3893
3893
3930
3936
3945
3946
3958
3983
3989
3989
3999
4003
4008
4010
4014
4027
4031
4041
4048
4065
4069
4080
4103
4104
4108
4124
4133
4135
4135
4148
4152
4171
4193
4195
4196
4204
4206
4207
4210
4216
4231
4245
4250
4250
4254
4274
4282
4295
4297
4298
4318
4318
4340
4343
4345
4352
4363
4367
4376
4385
4398
4416
4422
4422
4423
4425
4428
4450
4453
4470
4494
4510
4515
4517
4538
4548
4573
4582
4590
4609
4620
4625
4635
4649
4672
4677
4685
4685
4697
4701
4707
4714
4732
4757
4773
4776
4777
4782
4792
4800
4809
4827
4830
4830
4849
4851
4853
4857
4866
4874
4875
4901
4908
4930
4961
4973
4980
4982
4987
4999
4999
5009
5012
5016
5022
5032
5041
5048
5075
5079
5082
5083
5092
5109
5110
5119
5122
5130
5150
5151
5153
5154
5155
5158
5169
5172
5182
5184
5192
5197
5200
5205
5210
5214
5228
5240
5246
5255
5272
5280
5282
5303
5308
5341
5356
5375
5400
5402
5422
5423
5436
5443
5443
5449
5453
5480
5489
5495
5501
5523
5524
5529
5537
5538
5556
5577
5583
5583
5593
5597
5601
5602
5623
5623
5631
5648
5660
5666
5669
5685
5708
5719
5719
5734
5737
5748
5755
5787
5792
5795
5796
5804
5811
5816
5818
5822
5822
5826
5832
5834
5837
5852
5853
5870
5875
5887
5895
5922
5924
5928
5937
5942
5945
5951
5982
5982
5992
5994
5999
6002
6019
6030
6035
6041
6055
6064
6069
6074
6086
6092
6093
6094
6095
6096
6106
6112
6121
6146
6153
6156
6160
6175
6177
6178
6190
6191
6225
6243
6253
6258
6264
6264
6287
6332
6374
6385
6391
6410
6451
6461
6475
6476
6478
6483
6489
6519
6539
6540
6573
6583
6584
6594
6600
6613
6620
6626
6630
6633
6634
6653
6660
6674
6699
6704
6710
6711
6711
6715
6715
6733
6735
6751
6757
6757
6759
6759
6767
6781
6786
6803
6823
6860
6871
6877
6882
6883
6893
6902
6904
6905
6954
6958
6969
6974
6993
7000
7024
7047
7063
7065
7070
7072
7073
7076
7086
7094
7097
7103
7113
7113
7128
7129
7141
7152
7153
7169
7188
7193
7203
7218
7229
7243
7251
7261
7271
7273
7283
7294
7302
7310
7312
7321
7331
7339
7350
7376
7378
7384
7396
7397
7402
7422
7434
7442
7446
7447
7449
7458
7465
7483
7560
7571
7574
7593
7618
7625
7644
7647
7648
7654
7654
7680
7692
7695
7696
7717
7724
7725
7736
7739
7749
7758
7767
7781
7782
7786
7799
7811
7812
7815
7816
7821
7824
7828
7832
7832
7847
7856
7860
7883
7889
7902
7908
7911
7925
7939
7948
7963
7979
7986
7987
7999
7999
8010
8014
8020
8022
8052
8059
8065
8075
8093
8093
8096
8097
8099
8103
8120
8134
8144
8166
8192
8218
8223
8232
8237
8245
8258
8276
8278
8281
8290
8293
8308
8312
8322
8344
8364
8374
8376
8378
8411
8416
8423
8429
8434
8453
8459
8471
8485
8494
8494
8497
8524
8530
8541
8541
8557
8558
8559
8560
8576
8581
8594
8618
8634
8648
8650
8650
8654
8657
8657
8676
8677
8684
8713
8717
8728
8742
8747
8752
8757
8757
8758
8769
8821
8829
8830
8832
8848
8868
8886
8887
8889
8890
8891
8893
8904
8908
8917
8922
8928
8956
8961
8981
8983
8998
9003
9006
9020
9028
9029
9043
9057
9059
9075
9112
9123
9143
9144
9147
9153
9160
9174
9180
9181
9184
9188
9188
9189
9190
9203
9204
9264
9272
9282
9298
9312
9312
9333
9333
9342
9349
9350
9362
9368
9387
9393
9415
9425
9440
9440
9455
9467
9473
9477
9511
9516
9519
9545
9573
9585
9624
9657
9686
9695
9710
9715
9719
9724
9745
9749
9768
9797
9826
9832
9838
9864
9881
9884
9893
9905
9907
9908
9912
9944
9950
9955
9964
9964
9971
9975
9987
9992
9997
