9
18
21
28
29
35
37
43
47
48
53
78
95
113
113
126
140
142
144
180
182
184
187
215
217
230
237
243
246
246
254
271
278
286
307
318
328
329
351
379
389
392
401
414
420
421
421
430
443
444
446
455
477
479
516
545
546
553
557
557
582
585
592
596
596
596
599
619
619
634
648
648
649
650
651
655
687
688
702
712
727
739
740
746
768
783
787
792
800
813
828
830
831
835
846
847
852
863
876
900
911
925
925
931
937
946
968
988
989
990
993
1002
1003
1023
1049
1071
1086
1089
1104
1118
1120
1136
1137
1148
1149
1153
1166
1197
1205
1211
1235
1236
1239
1255
1262
1303
1328
1329
1329
1339
1343
1345
1349
1357
1379
1380
1382
1394
1416
1426
1439
1445
1453
1458
1461
1481
1490
1501
1510
1536
1540
1550
1550
1588
1590
1592
1600
1608
1617
1644
1651
1655
1663
1664
1669
1688
1694
1699
1711
1724
1740
1766
1782
1785
1794
1804
1818
1819
1821
1840
1857
1908
1912
1917
1929
1929
1931
1942
1946
1957
1966
1980
1986
2007
2009
2032
2035
2043
2068
2077
2083
2086
2095
2100
2100
2103
2105
2129
2138
2157
2173
2183
2201
2204
2206
2208
2211
2212
2216
2216
2217
2231
2234
2243
2252
2259
2259
2273
2285
2293
2300
2326
2331
2341
2343
2349
2370
2376
2376
2390
2396
2401
2409
2412
2417
2420
2422
2428
2456
2464
2470
2474
2476
2477
2479
2506
2514
2520
2521
2534
2544
2544
2545
2586
2606
2611
2619
2620
2621
2626
2643
2661
2665
2725
2727
2754
2776
2796
2797
2797
2802
2804
2815
2821
2834
2837
2845
2861
2866
2871
2885
2893
2898
2906
2908
2924
2941
2943
2946
2972
2985
2988
2996
3001
3009
3016
3024
3058
3072
3106
3114
3114
3115
3121
3129
3134
3140
3142
3167
3173
3194
3204
3230
3240
3246
3271
3278
3279
3293
3341
3342
3346
3356
3356
3395
3396
3397
3413
3419
3427
3435
3442
3443
3447
3477
3484
3494
3496
3506
3516
3517
3518
3542
3542
3546
3576
3583
3583
3591
3619
3650
3650
3655
3670
3680
3683
3684
3688
3706
3709
3711
3724
3732
3734
3743
3757
3770
3772
3777
3780
3785
3787
3796
3799
3801
3803
3807
3836
3841
3842
3860
3863
3865
3888
3916
3925
3927
3935
3936
3956
3957
3969
4001
4006
4015
4041
4077
4086
4087
4087
4094
4107
4118
4126
4134
4135
4135
4145
4157
4160
4160
4174
4181
4207
4210
4228
4241
4253
4259
4265
4287
4288
4311
4322
4368
4372
4394
4409
4414
4429
4434
4445
4450
4463
4472
4504
4518
4519
4542
4547
4547
4552
4553
4567
4580
4608
4618
4620
4623
4631
4637
4639
4644
4649
4653
4654
4668
4670
4675
4675
4681
4700
4704
4710
4715
4734
4737
4770
4812
4821
4852
4870
4882
4882
4918
4920
4920
4922
4946
4949
4952
4957
4959
5003
5011
5013
5023
5026
5028
5047
5084
5092
5149
5161
5177
5184
5197
5200
5206
5220
5268
5271
5272
5281
5289
5296
5309
5310
5311
5315
5318
5321
5323
5328
5336
5340
5350
5373
5375
5386
5420
5426
5436
5449
5466
5467
5472
5480
5486
5486
5504
5507
5509
5533
5534
5563
5566
5567
5570
5573
5573
5593
5600
5600
5601
5606
5617
5639
5644
5661
5665
5678
5690
5699
5721
5729
5741
5759
5779
5787
5800
5823
5843
5861
5876
5877
5880
5882
5895
5897
5899
5903
5910
5913
5953
5980
5983
5987
5994
6009
6011
6021
6032
6033
6035
6059
6064
6067
6067
6070
6073
6081
6121
6127
6136
6137
6141
6154
6156
6182
6183
6190
6200
6202
6207
6217
6219
6227
6237
6248
6255
6257
6261
6265
6275
6280
6286
6292
6297
6299
6310
6320
6323
6337
6350
6353
6384
6384
6386
6388
6415
6420
6421
6427
6428
6432
6440
6444
6447
6449
6485
6498
6499
6503
6506
6515
6515
6516
6538
6546
6548
6554
6555
6568
6580
6591
6600
6606
6618
6630
6637
6638
6680
6693
6697
6706
6708
6732
6752
6755
6776
6779
6799
6803
6807
6815
6819
6821
6823
6828
6844
6851
6886
6891
6903
6938
6952
6954
6964
6973
6986
6989
7003
7017
7019
7030
7049
7050
7050
7057
7066
7069
7070
7074
7079
7097
7112
7155
7172
7181
7196
7198
7202
7209
7213
7251
7257
7271
7276
7280
7292
7294
7301
7308
7330
7334
7338
7356
7366
7373
7407
7409
7430
7434
7441
7477
7481
7485
7494
7499
7500
7501
7510
7516
7573
7600
7627
7630
7630
7642
7659
7674
7681
7685
7691
7708
7714
7716
7720
7726
7742
7768
7771
7803
7805
7809
7814
7834
7838
7845
7846
7856
7856
7859
7870
7880
7882
7882
7882
7891
7893
7900
7903
7903
7911
7913
7933
7942
7943
7966
7989
8005
8006
8014
8037
8041
8047
8053
8055
8061
8068
8076
8077
8087
8088
8109
8123
8138
8151
8163
8167
8172
8200
8221
8229
8250
8250
8260
8272
8274
8282
8291
8309
8313
8317
8322
8324
8346
8358
8377
8398
8420
8426
8429
8431
8463
8483
8494
8500
8513
8521
8529
8544
8545
8618
8629
8637
8640
8648
8650
8660
8668
8675
8687
8697
8698
8724
8736
8739
8747
8755
8773
8778
8778
8779
8787
8823
8839
8858
8864
8865
8881
8893
8901
8915
8916
8916
8920
8921
8948
8969
8969
8977
9000
9019
9027
9041
9048
9056
9067
9079
9092
9096
9098
9101
9108
9119
9126
9143
9148
9165
9165
9211
9213
9227
9242
9266
9279
9280
9282
9282
9294
9298
9298
9311
9322
9338
9340
9354
9359
9365
9374
9390
9404
9421
9432
9441
9463
9469
9477
9478
9501
9504
9515
9523
9530
9531
9531
9534
9540
9545
9572
9574
9577
9579
9582
9597
9604
9620
9635
9649
9657
9672
9675
9679
9689
9690
9723
9724
9734
9744
9753
9792
9810
9815
9827
9834
9837
9846
9864
9866
9877
9877
9890
9892
9896
9906
9919
9953
9999
