1
4
9
35
54
59
63
69
93
99
115
116
127
138
163
170
174
180
189
192
204
208
242
244
246
257
264
273
276
278
293
308
322
334
338
347
353
380
384
391
414
419
422
422
426
444
450
456
459
459
480
499
533
573
597
607
621
626
626
628
633
637
637
640
662
671
697
702
704
706
707
753
759
764
817
824
825
837
855
883
892
900
915
922
924
932
961
965
966
974
981
987
987
988
1000
1007
1011
1022
1031
1065
1074
1078
1082
1091
1103
1115
1119
1127
1146
1148
1160
1171
1173
1180
1183
1194
1194
1203
1212
1219
1226
1242
1251
1258
1259
1272
1283
1283
1288
1293
1301
1313
1340
1340
1344
1347
1350
1352
1361
1369
1373
1384
1396
1453
1459
1471
1512
1519
1520
1528
1529
1534
1541
1542
1584
1586
1591
1611
1624
1644
1651
1653
1658
1666
1681
1684
1706
1721
1724
1726
1727
1735
1737
1737
1741
1748
1769
1775
1779
1781
1806
1808
1828
1828
1845
1878
1891
1893
1910
1912
1920
1955
1956
1979
1988
2005
2012
2022
2041
2053
2066
2071
2081
2127
2135
2157
2160
2164
2190
2210
2216
2232
2249
2258
2258
2261
2261
2264
2269
2280
2327
2335
2350
2352
2355
2369
2389
2394
2396
2407
2408
2422
2430
2433
2450
2451
2461
2476
2479
2485
2497
2510
2514
2532
2535
2539
2548
2552
2555
2563
2569
2569
2574
2582
2603
2607
2620
2623
2629
2646
2647
2664
2690
2707
2708
2713
2755
2766
2767
2803
2811
2815
2824
2825
2833
2835
2838
2855
2885
2896
2902
2937
2954
2982
2985
2987
3000
3009
3013
3019
3048
3056
3061
3069
3070
3076
3088
3088
3122
3143
3144
3154
3156
3167
3202
3203
3211
3219
3226
3239
3252
3275
3284
3296
3297
3308
3323
3330
3335
3346
3348
3348
3348
3353
3366
3374
3379
3408
3427
3437
3451
3451
3478
3497
3499
3499
3501
3524
3539
3542
3552
3567
3568
3579
3580
3581
3583
3590
3612
3619
3625
3632
3648
3663
3668
3671
3675
3682
3687
3687
3693
3693
3720
3721
3723
3729
3729
3759
3814
3825
3842
3851
3854
3856
3896
3909
3917
3917
3925
3929
3943
3946
3947
3955
3972
3984
3985
4026
4034
4093
4097
4099
4102
4108
4111
4118
4125
4127
4157
4160
4169
4184
4188
4196
4202
4208
4215
4222
4245
4311
4314
4325
4325
4340
4347
4402
4410
4422
4426
4433
4438
4487
4488
4494
4502
4511
4520
4540
4549
4562
4566
4571
4574
4585
4594
4613
4637
4644
4645
4646
4672
4676
4678
4683
4690
4706
4717
4725
4730
4735
4738
4741
4779
4779
4793
4798
4802
4806
4806
4822
4822
4824
4824
4834
4839
4848
4890
4900
4901
4905
4917
4923
4930
4937
4947
4956
4960
4963
4976
4979
4986
5001
5018
5026
5032
5032
5036
5054
5064
5071
5077
5081
5085
5087
5088
5091
5095
5099
5110
5110
5115
5115
5140
5141
5150
5153
5171
5172
5179
5181
5187
5190
5201
5209
5213
5222
5233
5245
5250
5265
5267
5275
5286
5304
5307
5313
5315
5319
5330
5357
5368
5393
5408
5424
5448
5456
5473
5491
5496
5516
5516
5524
5526
5544
5570
5585
5585
5595
5601
5604
5607
5615
5615
5620
5622
5623
5627
5639
5644
5646
5705
5712
5741
5748
5750
5785
5799
5808
5811
5818
5844
5844
5854
5857
5861
5866
5893
5898
5922
5928
5932
5945
5953
5974
5980
5987
5988
6002
6004
6011
6018
6022
6035
6076
6076
6081
6083
6091
6096
6116
6122
6133
6133
6140
6156
6159
6168
6174
6187
6194
6203
6214
6216
6217
6222
6223
6224
6233
6234
6242
6247
6267
6320
6321
6332
6340
6372
6373
6402
6417
6419
6430
6439
6456
6456
6463
6492
6493
6515
6556
6558
6561
6571
6575
6602
6603
6607
6623
6643
6654
6673
6685
6695
6707
6718
6724
6792
6798
6801
6823
6838
6839
6846
6847
6859
6861
6866
6870
6888
6891
6908
6929
6943
6955
6966
6968
7005
7008
7011
7015
7019
7024
7027
7032
7037
7057
7058
7077
7086
7138
7139
7145
7149
7166
7191
7197
7204
7204
7220
7247
7261
7265
7288
7291
7293
7301
7311
7315
7322
7328
7334
7356
7358
7361
7361
7361
7363
7370
7377
7384
7398
7398
7402
7404
7411
7415
7419
7429
7431
7438
7444
7445
7469
7471
7480
7488
7493
7521
7522
7549
7551
7552
7556
7558
7591
7595
7597
7601
7614
7625
7630
7633
7634
7638
7643
7647
7653
7659
7672
7678
7690
7691
7706
7716
7718
7722
7724
7725
7729
7735
7740
7752
7752
7755
7765
7770
7780
7798
7807
7814
7826
7836
7837
7874
7885
7891
7906
7910
7912
7916
7940
7951
7956
7958
7966
7975
7977
7977
7983
7989
7994
8001
8006
8018
8026
8039
8047
8059
8071
8094
8105
8117
8124
8135
8140
8162
8170
8175
8190
8196
8196
8202
8202
8208
8213
8214
8216
8235
8244
8257
8263
8268
8291
8292
8318
8345
8363
8367
8373
8380
8393
8417
8422
8434
8444
8455
8455
8464
8482
8485
8491
8498
8499
8535
8536
8544
8556
8559
8563
8575
8579
8580
8602
8606
8612
8616
8617
8627
8629
8632
8644
8656
8658
8667
8685
8687
8688
8694
8723
8727
8732
8744
8747
8771
8774
8789
8791
8799
8814
8832
8836
8846
8846
8855
8862
8867
8885
8893
8893
8906
8909
8934
8940
8942
8944
8946
8956
8961
8968
8976
8979
8984
8986
9028
9055
9055
9058
9064
9075
9077
9128
9140
9149
9153
9183
9197
9218
9224
9240
9276
9288
9306
9308
9309
9325
9331
9332
9346
9368
9369
9379
9391
9400
9407
9418
9431
9444
9445
9449
9454
9461
9465
9473
9484
9490
9498
9514
9518
9525
9528
9532
9550
9556
9588
9607
9610
9636
9641
9646
9648
9669
9684
9687
9693
9701
9716
9753
9766
9780
9781
9804
9834
9848
9848
9849
9857
9858
9874
9875
9882
9894
9903
9923
9935
9948
9962
9962
9968
9969
9999
