13
23
25
29
42
77
81
113
117
120
165
167
169
172
176
177
196
197
202
215
222
223
225
226
241
245
246
249
278
280
284
292
294
302
311
315
315
318
323
341
354
378
385
412
424
445
448
460
463
467
503
508
541
549
549
559
575
605
606
613
619
630
631
640
644
646
666
670
672
704
714
721
722
733
736
744
751
762
773
809
810
831
847
850
879
883
903
920
973
980
998
1017
1021
1030
1037
1053
1056
1060
1069
1071
1081
1088
1092
1096
1114
1114
1126
1138
1139
1147
1151
1171
1177
1182
1198
1204
1206
1208
1211
1221
1223
1253
1274
1279
1301
1304
1305
1305
1313
1316
1317
1325
1326
1326
1336
1343
1371
1374
1386
1430
1460
1474
1474
1484
1493
1497
1499
1503
1505
1506
1520
1521
1532
1533
1563
1576
1583
1596
1626
1626
1646
1649
1656
1661
1672
1684
1689
1689
1702
1720
1731
1731
1732
1754
1762
1777
1777
1782
1799
1806
1812
1812
1824
1850
1853
1856
1882
1891
1893
1897
1937
1946
1971
1978
1979
1980
1987
1990
2007
2017
2018
2026
2038
2042
2060
2069
2069
2073
2079
2089
2095
2115
2122
2125
2132
2135
2143
2150
2162
2180
2184
2190
2212
2218
2220
2220
2234
2234
2244
2250
2254
2268
2291
2326
2352
2361
2383
2387
2399
2404
2408
2410
2418
2423
2437
2440
2442
2452
2453
2461
2465
2486
2491
2499
2508
2513
2519
2545
2551
2564
2573
2578
2589
2610
2618
2622
2628
2631
2647
2652
2659
2659
2674
2676
2678
2680
2708
2720
2736
2738
2779
2779
2792
2804
2828
2833
2838
2841
2850
2863
2885
2899
2919
2923
2923
2927
2931
2938
2942
2964
3002
3003
3007
3053
3054
3060
3080
3080
3089
3101
3102
3102
3103
3105
3121
3132
3133
3133
3150
3158
3158
3163
3170
3203
3209
3210
3213
3225
3226
3232
3254
3282
3288
3312
3317
3317
3321
3326
3327
3345
3354
3361
3365
3382
3395
3403
3408
3408
3424
3424
3431
3438
3449
3475
3499
3500
3511
3512
3519
3527
3528
3528
3540
3544
3544
3561
3570
3581
3600
3606
3607
3621
3628
3630
3639
3662
3669
3680
3684
3690
3694
3700
3716
3731
3731
3740
3783
3800
3804
3824
3857
3858
3913
3916
3918
3934
3954
3956
3966
3997
4017
4027
4040
4066
4067
4073
4081
4083
4085
4103
4110
4125
4139
4147
4163
4170
4171
4208
4216
4218
4224
4238
4239
4260
4265
4270
4285
4288
4312
4317
4324
4338
4339
4349
4354
4359
4362
4363
4365
4367
4374
4375
4401
4425
4432
4435
4441
4442
4448
4459
4461
4463
4464
4467
4472
4477
4513
4517
4533
4577
4584
4611
4618
4619
4626
4631
4637
4639
4641
4651
4662
4663
4665
4697
4718
4719
4723
4725
4727
4746
4763
4766
4769
4770
4770
4776
4786
4788
4799
4804
4806
4819
4851
4873
4890
4894
4896
4901
4904
4919
4920
4927
4935
4939
4946
4975
4981
4984
4992
5000
5008
5026
5027
5034
5063
5065
5082
5101
5107
5117
5119
5167
5173
5177
5178
5192
5194
5200
5206
5208
5220
5221
5229
5232
5236
5258
5259
5300
5300
5309
5315
5323
5325
5330
5345
5357
5364
5369
5465
5468
5468
5476
5492
5522
5523
5560
5562
5574
5601
5606
5612
5626
5626
5630
5645
5678
5690
5700
5707
5739
5757
5762
5765
5807
5809
5826
5841
5848
5853
5864
5869
5877
5898
5923
5924
5928
5938
5939
5945
5956
5961
5966
5969
5989
5999
5999
6000
6012
6016
6021
6035
6036
6040
6053
6081
6082
6088
6103
6108
6109
6114
6140
6160
6174
6177
6201
6204
6210
6211
6211
6212
6223
6231
6238
6241
6281
6282
6286
6290
6295
6307
6315
6316
6334
6339
6371
6376
6380
6408
6455
6456
6483
6549
6571
6583
6592
6597
6601
6615
6616
6626
6640
6641
6643
6645
6676
6685
6691
6691
6726
6733
6734
6751
6752
6756
6757
6761
6771
6779
6780
6795
6825
6835
6837
6839
6844
6850
6864
6867
6872
6885
6886
6892
6895
6895
6898
6900
6902
6912
6918
6922
6924
6931
6936
6948
6950
6951
6959
6970
6971
6985
7012
7015
7021
7057
7059
7072
7086
7088
7110
7120
7143
7149
7170
7171
7175
7179
7197
7201
7207
7213
7221
7229
7238
7249
7254
7316
7318
7324
7336
7350
7399
7402
7427
7433
7441
7455
7458
7464
7466
7487
7489
7489
7498
7501
7511
7511
7511
7512
7528
7546
7547
7571
7571
7596
7616
7627
7630
7639
7647
7654
7659
7682
7687
7721
7734
7742
7750
7754
7761
7767
7804
7813
7824
7845
7848
7849
7863
7874
7878
7890
7898
7906
7910
7918
7939
7941
7953
7954
7998
8055
8059
8062
8079
8089
8092
8093
8096
8099
8112
8150
8152
8165
8172
8181
8184
8192
8195
8201
8206
8207
8210
8217
8272
8275
8285
8320
8328
8336
8361
8370
8373
8375
8381
8383
8387
8429
8429
8429
8437
8440
8441
8446
8453
8460
8480
8482
8500
8511
8512
8517
8536
8542
8547
8572
8579
8580
8585
8590
8612
8615
8617
8629
8660
8677
8691
8692
8709
8721
8742
8760
8760
8763
8767
8769
8771
8772
8779
8782
8786
8813
8815
8824
8826
8843
8852
8869
8876
8894
8905
8939
8946
8953
8966
8973
8974
8976
8997
9000
9016
9026
9032
9044
9045
9050
9055
9063
9077
9091
9105
9107
9126
9134
9148
9159
9164
9173
9181
9187
9192
9195
9201
9204
9204
9205
9249
9252
9256
9267
9269
9280
9295
9297
9318
9347
9353
9357
9377
9385
9390
9411
9429
9453
9455
9456
9457
9457
9460
9465
9479
9484
9498
9502
9509
9523
9532
9535
9535
9541
9555
9563
9566
9568
9583
9583
9585
9596
9599
9608
9611
9657
9661
9666
9667
9680
9681
9719
9724
9728
9728
9732
9761
9767
9773
9782
9792
9796
9797
9804
9805
9809
9816
9820
9845
9846
9854
9856
9864
9865
9884
9898
9902
9915
9923
9927
9929
9933
9984
9996
9997
