4460
5424
8276
7216
9362
5893
6959
5309
2524
7282
3224
8327
786
6593
6324
2136
6094
5778
8644
7345
1564
8594
4537
8964
1340
5960
8511
5115
4413
4530
8344
4267
631
262
3820
6655
8776
2414
4550
6992
6036
6485
9614
9633
2925
5670
879
1454
1022
663
9677
9929
290
6263
7229
4497
4977
594
6078
9210
3378
6292
5999
3443
6916
8241
8254
867
1598
2652
3806
322
8686
769
1052
8964
1049
3555
3010
9972
5599
1014
6545
9012
9984
6540
776
1065
7828
180
5765
88
4278
9989
8320
2021
3733
3168
9703
1820
5713
2405
4229
1782
4106
8574
9269
4842
7507
4830
5969
233
8845
8236
9428
3126
4752
2998
2426
2026
976
1770
1158
9465
18
9555
9820
7596
7633
8735
3412
592
9045
1133
3012
1565
2034
2268
4370
6113
8548
2
5516
5572
6407
6645
3032
9293
9163
5700
7893
9210
3860
9653
3386
9810
707
311
3484
6451
2663
3970
31
1135
7538
3022
7906
4417
8415
4355
6265
3700
3928
5240
313
9893
753
5521
8466
5636
7121
3540
9101
2337
3540
5502
1001
7793
6014
2796
6437
6897
1182
602
4090
7900
2785
697
2342
7269
1890
1138
1573
468
5556
9018
3760
9013
7353
7227
5740
6153
3822
1711
1466
3257
758
6806
5810
1316
4984
832
2592
5656
6614
4845
3681
1710
1216
4452
6391
2402
8904
9225
2147
7981
7351
2177
7014
7639
5901
2529
2119
9378
3109
7803
4823
9054
4043
9028
9241
312
3351
4039
3835
9474
8936
4252
5413
4246
2070
336
6045
9608
5985
2993
2472
9764
1822
9145
9460
3565
5718
4923
5507
3078
8458
3992
5860
1791
3796
9224
1584
4591
7138
2323
3544
9998
6059
6403
5829
9271
9316
7250
2795
2989
9713
2450
4148
4260
2330
5209
9971
3439
3193
1233
3106
4119
7376
7027
6365
9471
6994
2483
4021
2131
5248
9280
311
262
4830
6734
7008
4620
4641
5252
3325
225
3208
8131
5111
7396
245
496
6907
9319
8348
2610
1029
6468
3186
2622
1231
6455
2940
726
6837
1315
1799
5799
5685
9935
8408
9138
1597
4005
9094
7291
3101
7089
9818
9494
7460
9659
5361
2517
436
6341
7566
8538
3978
6517
7416
6769
7831
8891
329
6941
6572
3939
4198
6495
8150
4023
7114
9618
8604
5767
8648
8559
7279
2898
9153
7109
6068
7918
2605
9553
2948
1821
6949
7887
9655
2227
7532
773
6239
3400
6205
4455
4033
3907
568
2477
1869
4845
5107
7045
8301
8820
8444
4377
2549
2015
6983
9211
4039
668
403
8241
144
4233
9922
8144
5630
3097
6155
2434
1504
5798
3144
1056
1304
9910
7453
3060
4610
3416
6814
3936
4368
9471
9965
5623
6066
6488
3413
5623
5077
5176
4294
4702
1191
9850
5737
1196
4420
790
6145
6666
2131
3528
5657
1414
3808
3115
9897
5790
1697
3342
8143
120
1520
60
4575
8629
2619
6233
7657
6131
743
6364
9314
644
3948
5067
3280
5565
5076
2568
5472
7321
1609
7855
9458
3343
812
3102
8804
8309
2931
2233
2717
2016
3697
5235
1389
7441
4002
6062
8600
2888
1658
7284
723
1720
1769
6687
4131
6239
8128
3349
8161
8476
2542
1640
8220
7708
8914
859
4130
693
4635
2123
6971
9870
3535
4839
1344
4898
5797
4930
20
4854
4525
3827
7763
6618
4905
3567
1571
5326
683
8439
6101
1203
1356
2949
6908
9789
9014
995
6216
7597
9850
1965
9102
3030
966
1309
9778
4651
8920
6839
573
5470
5950
6781
6598
7068
6233
4958
3013
2968
7254
7577
1335
6490
65
6717
4672
6042
9821
9597
1657
4484
7267
4676
4404
8155
462
7695
7410
5245
8020
2571
1936
7794
1489
8501
9579
6214
3250
674
6309
7578
833
9487
9263
9613
9098
8354
4032
6796
1728
7595
323
7679
8295
9539
847
4341
9213
3008
8330
6646
3915
3676
6015
78
769
272
6319
8075
9406
7140
6268
5467
1526
7509
9168
1766
1650
5425
7419
3393
8969
9565
868
162
6409
745
5703
4686
5384
2577
7393
8924
1496
4782
2032
3378
2671
5743
6328
921
2207
4569
6000
7183
5967
185
598
8394
6977
9164
6613
7173
3566
1891
1894
6453
2258
9711
9219
483
2792
3118
1436
4548
827
3142
4903
3716
3137
5790
8777
3756
1602
3416
4288
7150
1023
7491
37
6615
9696
7783
1231
5149
4028
6246
6491
4281
6080
3208
3950
8206
6943
2778
1999
1417
5024
5462
2050
4451
6766
7679
384
2336
2836
9863
8978
5387
2422
2235
1457
7357
9857
5693
9593
5595
1295
8745
1143
8351
7480
6808
7588
2614
5556
1180
5248
1912
7173
9846
9306
9257
6406
5050
3139
1221
6127
8716
3975
2756
4645
7688
8016
1102
9431
638
1186
1467
5230
8918
9852
7979
532
369
9268
1089
1125
3340
6694
6537
662
6269
4173
6455
9010
6679
711
3674
8147
1336
7004
505
9634
628
7653
400
8612
2358
9377
1153
9857
8014
8874
7260
7070
1485
6047
3722
3112
2302
8348
1164
4347
2964
8423
8792
4513
6146
9381
1158
4788
7323
3325
7723
322
9746
6798
6941
7490
7185
6172
334
6361
8858
1694
4648
4184
4331
4839
9634
9295
3328
1533
3148
2355
2744
1429
3389
733
895
2607
8676
7836
4844
4704
9292
8999
1305
4615
6517
6805
522
7854
2926
456
960
3336
8893
5287
4013
9588
7833
823
4114
1668
8564
8967
4926
4537
4486
531
8468
9930
9803
3319
406
235
8946
9134
7090
7458
4326
1697
33
7639
1875
6035
4814
7769
9809
1970
4524
6060
7908
2456
7566
6535
7290
7064
2408
9870
6032
8711
8102
2524
5212
745
5064
5558
5316
1291
6713
1054
7673
7901
7208
4340
4219
2861
8324
6104
6704
5317
2651
8870
2695
8031
3826
5369
4346
5016
4693
3336
8060
4613
4483
5179
1087
8156
3351
7623
2858
9991
5966
1465
8748
9866
4
8245
6924
9785
1223
2308
4799
9057
6055
3680
7020
1718
9044
4136
4463
9866
198
1428
5027
8375
799
351
3358
9410
5641
1275
925
6341
8446
6995
2685
8588
6380
407
2119
4825
743
4763
1284
7035
2198
9270
4649
9870
9409
8542
8807
828
7928
928
4756
378
1596
8279
838
3727
2193
527
9884
64
2731
8719
7162
2371
2238
9692
121
9781
9010
9117
7368
2401
7833
2150
5657
3879
51
5187
5356
5341
411
7483
4921
5404
3603
3028
5004
5269
552
7327
6236
6706
8405
824
6760
5938
1942
5041
1145
8264
8541
3453
5323
3537
2270
444
8738
8463
8684
4602
3024
9776
5453
1722
5050
600
9376
1057
6720
2968
4539
7698
207
1694
5246
6660
5338
8540
4086
1443
9989
8551
9147
5252
9343
8676
8091
5115
9855
7142
576
4174
9459
6019
7951
6791
6980
8243
902
9388
9838
3046
9921
8463
9933
8321
5760
8893
4942
3619
6420
6808
9526
5763
8425
5292
899
5716
2071
3336
6448
8083
907
5977
8212
8988
7526
3656
3311
9515
4668
4555
5377
2711
9732
7951
7444
5105
6485
2824
6388
7365
6917
4667
5326
2815
3942
8000
8251
9520
7352
4793
1465
4508
3356
9090
8221
218
5333
2387
5804
3477
5168
7720
768
4742
8690
8811
2648
720
7920
6687
5188
6889
966
2980
3280
2648
5971
3346
7013
3170
1506
7735
1038
6238
8837
9444
4326
9899
1558
6145
8962
2416
662
1450
7859
9242
9755
5927
2926
960
2011
3364
8876
6180
3245
2561
1903
4215
7043
4124
8163
4609
5099
8995
3260
7033
8481
1631
1413
3127
1519
6295
6724
2221
6094
904
2134
1444
7875
2546
5783
13
3951
521
324
8118
4876
720
6408
2532
3606
7311
6947
4495
8490
4664
6045
9289
2103
4707
7719
1074
6282
9542
687
9524
8944
4832
3949
6983
7190
623
8850
5159
2519
7217
3569
6435
4970
8241
8082
291
2142
6069
1283
8681
3845
9858
2340
144
2783
2631
7337
4090
6078
5166
9982
1569
2223
4753
2704
2824
721
7645
83
9594
8363
64
935
3126
4593
213
3010
2170
7328
92
7885
1105
5642
9824
2794
7103
3094
8835
4931
3589
1446
7938
8159
2242
222
8773
9077
2417
4561
1886
1376
3125
5618
8943
5091
37
6686
8090
1125
7823
7026
1276
6137
4234
1135
3288
1339
3225
8458
7171
3749
9900
3943
1709
4075
3098
9455
1820
4324
489
4496
543
2459
6485
1374
8140
6580
6445
2963
2744
4630
5576
7583
8233
2789
1615
4691
1026
9292
9071
8243
2356
5146
885
4284
394
2636
9417
8018
3359
9507
2143
939
3587
1154
5001
7198
5475
2572
3729
2217
1035
1989
1245
6189
8255
5934
1655
407
7688
2059
9020
2633
8180
7829
2164
6341
9223
626
3578
8556
1187
8143
6142
8826
5692
127
6701
5208
7606
5553
8697
9154
1461
784
3172
8574
7685
2420
2369
2250
7419
9136
6583
8507
7808
8019
4687
7724
2023
6624
6114
1725
4477
3469
1545
6217
1105
3887
7678
7631
9805
1135
9886
9825
9098
4769
7216
1990
1265
8162
4572
7324
4650
9847
9609
4623
3095
4295
5397
231
5829
9752
8817
7479
6055
5980
414
8828
5491
5905
31
9689
4765
6767
9650
8624
1564
8270
1601
7938
4119
5789
573
5274
1024
2336
2809
5622
2914
7062
8445
6913
297
1543
4898
8365
9213
201
9649
1733
5136
9818
3894
5404
6203
345
7673
746
5686
2894
5664
3191
9116
1529
3114
1080
3704
4902
2412
7879
5517
2792
2680
9947
5558
3964
408
5758
1553
2538
5110
7617
7106
9309
881
46
3626
9921
2326
234
1352
3680
2401
8734
2888
6494
1562
2604
1078
8947
5153
3556
1864
2052
7482
7322
629
1285
233
8677
3881
395
5714
3598
2059
98
1265
3869
572
401
1911
2592
7589
323
9744
495
5861
2763
9672
2757
3751
7177
8302
4256
1849
8632
1804
3931
6374
2349
837
5578
6408
1197
880
4038
6345
2636
2175
6748
2530
7255
33
6406
9774
413
671
4209
5419
3411
477
920
6443
4574
8260
3471
6860
4393
6914
9977
1740
1883
5792
4643
7922
9477
9157
8480
5662
1478
3249
2680
1265
7448
8422
2618
3952
7557
1762
4605
2670
896
7982
4178
6835
6233
4754
1709
6892
3138
8278
3450
9827
3402
7477
6063
9310
2248
9059
4064
7548
1241
7723
3006
2488
8707
2153
9629
3627
7091
5147
3764
6574
1591
2382
7082
8107
5984
3926
1187
1643
8993
913
3845
2921
2388
7059
897
466
8009
6732
6531
3454
547
814
5614
4342
8757
1652
9734
1013
2485
2576
2036
5487
8481
62
6753
3046
4748
9726
3226
8085
330
1219
2097
5622
6793
7355
8769
8455
9053
8417
1406
6302
6718
2
7713
7776
7264
1590
4026
5094
56
890
2580
133
2896
2454
202
8809
7551
4572
3086
7843
6446
9939
7525
3309
7801
6916
6863
4221
8148
4268
7458
6377
6704
4512
4175
9235
208
6045
7956
6782
3245
9306
5815
6350
2384
1973
4589
1154
6341
7780
3736
8311
8143
7586
4375
6994
2717
6356
1860
6431
8930
4546
9520
567
3434
6182
5984
3425
2571
6307
1208
1014
9359
7340
3359
7563
2728
9076
1806
5140
6933
5860
8323
9131
604
5960
955
3328
7017
9053
6573
9860
1068
6652
3585
4322
8764
5256
4738
6970
9393
2872
2896
9061
1406
2194
2697
8378
1597
9404
3622
2480
4009
5443
9447
657
731
1006
6534
2371
2010
5219
2178
5605
8846
9895
9363
8029
2568
7567
2549
1341
6146
9803
4510
3353
581
1743
5593
3626
4210
7478
8538
7534
2264
409
9358
8470
7508
7037
5242
9239
289
1861
3421
1899
9457
9844
6419
16
2614
3004
2058
1393
5419
4582
9272
9281
5359
5075
9447
9975
4745
5354
1986
7003
6206
9809
1812
7665
3485
2845
3089
9832
6342
6343
7941
577
2103
3452
7383
5554
5160
394
5212
1220
7897
6784
406
4650
4960
1680
8294
6909
5631
5916
1898
1923
312
9776
1675
2481
7136
3888
9354
206
4121
5085
5905
9052
7200
1237
5355
5904
2757
2125
4368
490
4921
3316
9068
2626
185
8336
180
1757
467
8164
5006
2279
1221
6755
795
8092
8286
94
4427
9496
7627
4657
8794
6575
1138
8657
7182
8538
985
4583
6807
7338
4978
5724
4152
1508
2358
6154
5650
9964
4904
3448
6063
5780
5271
1358
6047
9786
9804
728
3553
9464
224
1345
3691
9554
1781
9437
1773
4111
6577
7768
5358
6398
8603
2087
1860
7612
1483
3856
9386
2745
4817
2280
7385
1120
1366
5236
5578
4481
6787
7689
9943
4376
9228
8701
2253
7685
3233
2215
4222
3201
1295
5323
5283
7409
9497
4663
1056
7262
5106
4720
4256
8181
4434
9430
6123
4276
6536
9202
2333
1214
87
5261
6225
7022
4960
8237
2892
5328
1840
3242
6594
2977
2048
7690
9079
9786
1321
9592
1787
217
7074
9141
4432
6635
19
7339
1529
7611
906
2683
8098
1153
2886
5834
9491
1263
1227
4908
6340
5749
6236
5455
1766
9454
2940
7119
2459
3600
926
1998
4243
8940
770
7574
9012
3848
9403
4131
5885
1607
4964
5948
6162
5500
8687
5325
7882
7953
9597
8056
1708
4663
7250
313
9929
2200
8594
2137
3038
872
7220
5500
9286
354
8235
6080
2669
5113
8851
5128
2497
9594
7655
4658
7665
9805
2336
2834
206
7280
3610
379
3243
1143
818
2160
8364
8620
1439
2520
2427
7755
5052
4958
6475
38
3553
9022
6006
3381
3026
1879
7272
7998
1505
8557
3027
1279
1437
2964
2275
4521
8236
7030
803
6483
4373
7811
7440
3351
5782
5080
3028
2336
3544
4431
7833
2000
2870
5373
2633
4447
1569
7331
7951
8518
4985
6421
6431
4313
9935
6344
3156
207
7469
5960
4901
5072
4149
3917
3268
8518
5291
3438
7738
5528
9445
4573
7576
1941
6347
7778
4466
2285
1
5099
6289
1228
8641
6838
4270
6529
757
1695
724
9824
565
2318
5758
3775
8716
9106
700
8292
7457
422
2608
2991
3769
5229
2605
8798
4847
22
684
6572
697
6279
4788
8395
5371
8188
2749
1283
7640
8728
1747
2895
171
4023
9768
2557
4277
7245
1817
1339
5631
4845
5342
4607
4471
4773
1361
438
6472
8289
2276
5278
6313
5487
7136
4907
64
2516
1726
7677
9796
5537
3237
5325
6350
1553
2876
2538
4462
2626
3470
1515
3804
9219
6776
7443
7688
1263
4609
4586
4835
8479
7045
1023
7775
207
754
6485
1276
1776
5446
3662
9199
8693
7044
2429
5927
1012
2436
8734
2075
4227
3329
4659
2343
3398
3155
4191
5965
1361
3378
1422
5468
9250
8979
5859
3986
2535
3707
1964
9963
7327
8686
5052
2471
2547
7920
28
9596
8720
4351
8321
7651
5770
912
7770
9469
2742
1056
9671
5796
9475
5693
3721
5705
3102
2866
7448
1777
9762
7175
3040
6827
3516
4368
5869
7427
8889
3557
1231
215
6321
638
2321
5375
5172
8191
4093
878
6572
3741
3105
2944
3555
6219
9353
2651
5308
4120
933
2735
2279
5487
9751
1144
8850
7459
8129
9362
2791
3878
219
1579
2043
5241
1652
6969
9974
7847
8746
5002
6938
7296
4426
987
1155
5418
410
6708
3011
9211
6467
2962
3874
6771
6185
8918
7357
9308
7865
8602
3092
478
4984
4839
8485
5162
7068
4382
6191
2298
5622
8957
8349
6330
4268
8623
1906
5058
4462
9815
1775
3415
519
418
2296
9907
173
6343
3601
7031
6906
1053
4921
7308
6051
1311
6302
3684
8905
6552
4160
5
5763
6956
3047
4778
8026
7984
8398
2638
8642
4642
8116
6767
1270
9551
7479
1360
121
2575
6107
9752
7618
6838
861
8272
7861
5794
9987
3963
9603
1475
6712
3504
3310
8327
2636
6477
2068
2777
6578
6745
1930
9329
878
2103
8027
8343
247
8992
4630
9758
5714
5989
8665
7043
7564
7965
2003
3088
973
3349
3688
7457
786
9200
2577
2204
9251
5996
3223
7297
7200
4602
5941
7460
9542
52
9359
2190
2909
5819
7564
573
8623
6376
2216
3783
7671
8125
2963
9043
3703
5817
396
9045
2112
984
5809
5627
4418
3822
5508
1346
7748
3135
9528
2187
8003
7530
9807
7889
5397
1220
1113
7330
5202
5780
1394
1383
7762
5545
3039
1961
6126
5257
9797
7934
3056
4686
7247
9659
6284
7116
7236
5769
2498
5692
6938
4
5809
5520
8704
4863
7631
4606
3836
6077
3611
4103
9635
5917
4155
9891
726
9227
4162
7359
1877
9152
6571
7608
7151
9541
6231
263
7511
7166
8645
2376
2686
7224
1776
1603
4351
4971
4945
1785
9408
6950
7660
558
5038
4584
21
6482
7932
6845
9185
901
7541
4249
2004
9423
7922
379
3582
7818
4035
1962
533
7939
2367
7447
6234
1802
8350
2529
7694
5623
3612
5842
9565
7591
5820
7215
1509
109
5642
3976
4524
6338
7861
1131
5072
6343
4990
3229
7230
4218
3664
2382
2627
3389
1083
6041
4767
5474
8772
3555
6390
627
6672
5872
8807
5037
1665
7963
3145
5690
7514
2004
5944
6453
9125
2182
5162
5625
7230
1347
5154
8452
6603
3949
7315
369
5552
5125
1970
6177
5596
502
8774
1707
3105
5391
2223
8308
6578
8619
9913
9264
1323
1006
4170
2254
8866
7115
1950
8488
7865
3085
5612
3966
3288
4993
1187
3736
9604
8628
4679
4889
5348
7489
8711
1992
200
1013
3033
799
2777
9874
2951
1789
5955
8217
5928
9729
2362
9400
6196
9352
6932
8643
3713
7475
1167
1417
6212
6725
9411
662
4472
1289
7100
7351
1645
8532
2608
6212
1030
1114
8351
6065
2820
8486
2980
9152
3479
3198
1085
8970
530
4766
8124
7439
1757
7275
5115
2831
2986
9225
8386
8436
2708
2071
5023
5517
2486
6333
7668
2976
5429
6670
5081
3573
6656
4107
1150
4557
5806
5600
6285
810
703
4005
7142
7742
6270
4523
5747
6022
4940
3849
9429
821
3437
7954
7744
4682
5020
7846
5071
784
783
2977
2045
471
3292
3716
9935
2239
1907
1123
7132
5233
2804
8213
7054
9343
7416
8398
470
3012
2694
6248
2627
9034
2329
3540
993
8903
5939
3870
2843
6830
6548
2073
2997
3486
39
7131
3116
7570
4858
1304
5714
4136
4964
9329
1507
1265
7571
4193
8489
1467
5898
7426
185
8205
312
9676
5079
4198
8764
1423
3410
6612
9662
7362
1967
6559
2698
6887
3452
7360
9332
8635
5978
7566
9365
7576
361
126
408
2115
766
7164
7372
8548
1270
8712
9361
4878
3372
7857
1171
3483
5844
5353
1073
6353
247
2396
5350
5563
3536
8164
6851
1657
6974
3562
8536
2024
4254
4556
4405
5496
2286
7126
7319
8179
9565
5186
1007
6319
2026
8992
2147
8510
517
7573
9852
2911
20
4580
344
9740
6730
6705
1141
2853
410
7931
7233
7128
9543
4632
980
7665
5722
6221
3654
1641
7729
2499
8329
392
2604
6175
3341
9356
6048
9023
4277
5427
4283
8032
8039
9330
9139
1454
2074
1821
4294
5020
1369
3585
3698
8072
9795
3612
5954
2840
4340
4336
2103
4640
4185
4550
2696
7261
474
617
7985
6765
6865
3914
4033
3032
3028
481
4288
8125
1715
1679
4095
194
5014
8337
7801
1333
7370
6315
400
357
4957
6779
7120
6274
9529
1015
3202
9867
4359
1936
2225
8686
7256
9001
601
4531
7485
7998
8746
4405
1378
3364
986
9110
3185
7337
3584
6255
6733
2684
6475
6083
1627
4554
5593
1142
4579
901
7109
9472
8137
6296
4494
1206
3928
6640
4824
8543
9257
3091
8675
7913
8556
8103
1093
8840
5129
3943
9035
6059
818
5667
9490
4211
2416
9044
7909
2006
1984
9209
6283
436
6322
8623
3063
1806
5731
8671
9976
437
7281
7355
5488
5255
5670
3736
9548
8218
4772
7824
8140
7366
8389
4084
2174
2134
3711
3656
7124
3632
7297
9456
5246
7455
8709
5342
5750
4123
6068
8949
5925
9685
8299
5951
5800
6245
7112
6596
1872
3218
334
9336
8266
3143
3664
961
5077
2751
4251
4947
9061
8729
5783
2924
4999
6872
7758
3330
5927
2710
6240
358
2166
6203
3071
7483
7163
3969
7451
7168
5394
1801
7052
6049
8469
5470
4419
9816
4462
2167
487
7364
7784
3666
1352
1214
2839
9519
5305
4796
4689
7386
399
1430
3771
201
2971
56
2359
8326
4996
9642
8672
3563
2800
9112
5033
4846
6587
479
9788
3748
5698
3211
4849
6958
83
9719
277
649
2378
9785
6236
3
2290
4373
665
4468
3235
9460
6660
5039
6273
1020
6059
7747
7445
3838
8999
8938
5745
9589
1735
718
941
9664
1118
1997
8569
3159
6308
5841
2390
4600
5316
2285
3840
8894
5422
5859
5031
8139
6910
2627
2597
2991
1047
3856
553
584
2493
3772
9816
321
9334
5906
2373
4774
7549
5446
6455
1069
4776
4728
1159
4177
3826
345
4209
1411
4396
6304
8328
641
2430
3911
4500
8674
4720
516
7386
566
2200
7333
4693
7199
3535
3306
1310
9001
1474
2857
2152
5818
1549
8101
674
5032
4795
1056
2679
2960
5228
7951
4993
1521
2258
3761
132
3992
9763
3976
8587
6162
7979
6749
4903
5702
7340
4794
5379
5594
1697
2628
7922
7730
9070
8989
3168
2518
4360
9043
9358
8958
3569
4365
8889
1628
2226
7067
7497
950
8098
8515
9059
9429
3305
3584
4483
2616
5096
3876
3332
8587
9571
9044
3717
6449
4453
7603
6523
8714
9519
8118
6535
6531
670
2553
787
5066
1622
8747
7512
8329
815
4255
192
9001
9440
5235
7287
8134
6150
1143
3844
6518
9961
8951
3797
7093
5779
8762
5984
3528
132
5645
7135
1748
7677
1967
5562
606
7164
2075
2307
2519
6721
8687
6163
2526
7300
9274
1625
6875
1568
7276
3821
8169
1198
8070
4402
6394
1297
7152
3837
1712
3758
2182
5507
715
4028
1946
3729
1200
7400
9684
5197
3366
4401
2979
5570
8433
9006
3915
9255
799
1408
6771
9848
2331
265
2538
3496
9847
4923
6597
2546
8476
9022
3149
8852
6624
2643
9660
2664
1051
7296
9810
4256
704
1210
5715
8107
3286
3686
3582
3004
3542
5055
5262
4337
1230
4782
2535
5039
9822
5943
4282
287
4087
1455
9181
7292
4630
2266
6157
9733
800
7971
3745
4511
1294
829
5667
149
4440
2530
1406
3448
6248
6641
5692
4830
7105
7674
5425
3857
6203
9463
3339
4368
5708
1116
4619
4913
9364
2550
4808
466
4766
7498
2972
6683
9566
996
8019
1347
2241
2784
3935
6772
6095
491
9652
1
9385
1656
9041
1238
1279
7741
1146
5692
6412
7337
7872
1463
2517
5667
1281
274
4363
5253
359
9269
4985
5894
4476
6350
5903
814
9343
7277
5792
5067
5581
7440
8578
3055
6424
656
8967
1120
6678
799
4524
8761
8308
7023
6146
9444
7224
413
1351
8189
9643
7716
275
3312
9204
4663
1744
6067
2044
4216
3082
6565
3935
4791
3223
547
513
660
9695
4644
3950
1291
626
8649
7785
4815
1824
7353
9337
5186
9564
9149
9155
7298
2619
6898
3258
3180
1156
4820
1548
1086
6185
6704
5869
8220
381
5138
369
9042
2238
144
3162
5082
5849
9780
220
7933
11
8077
6577
8225
8721
8145
2218
132
1858
5333
5325
5018
3339
47
402
7336
6351
828
2716
4514
836
7412
7992
6692
2273
6586
1230
4727
1702
4564
700
2269
5947
1638
2790
7940
3476
2118
9552
1446
1654
3538
5892
9218
3962
9737
112
4348
3909
4868
3141
8719
5025
7676
386
2007
6448
2289
1110
7729
947
2788
8112
5507
7216
1485
3537
2027
2672
5232
7469
8384
691
6541
5101
8184
9413
2120
8159
9772
4993
3755
2873
4375
7514
1685
5816
1685
644
7931
3402
6860
9497
8014
3433
9309
7954
2901
2943
8870
1686
3859
6814
4272
9971
1594
7164
9362
5048
2093
7442
246
7524
7000
9208
9025
876
8757
1159
9728
4341
3309
4113
7357
3273
793
4700
4986
183
8760
6060
3767
5992
6414
6202
7769
8773
4568
6090
9501
813
7211
6194
4058
2623
1661
3053
447
8680
6782
6381
3687
8657
1631
3046
1661
2749
7539
7639
5122
2242
1141
6073
2288
8743
650
6116
9936
7885
5125
4783
5232
1693
6511
9180
172
9192
4582
829
7019
2649
469
1638
7822
1164
5833
6588
8666
1268
2530
1584
2088
753
5321
1573
4195
6103
8577
389
7261
8877
4852
2130
7384
2315
5672
6255
405
96
226
7660
9696
9028
710
4020
2069
2816
4326
9719
5323
215
6901
8933
931
454
7216
1802
3945
3498
5993
6273
3452
3234
8026
5211
4898
5308
152
9158
8322
1171
5830
5940
1783
4644
6753
8233
6663
8812
9731
4164
5591
6086
3440
2770
5727
2591
2001
3527
8473
9549
5811
1997
7205
4833
9040
2794
6335
1342
3886
949
404
9043
9264
6202
7789
4776
9782
3481
7980
6930
4930
78
388
5720
5317
6063
5969
352
9213
3302
221
8965
2193
1472
2298
1633
9046
9697
8326
7482
3957
7219
5527
6
3510
1750
412
3591
6456
9633
4133
6888
860
1
8194
3083
4077
8580
1462
8880
9249
9861
7436
1251
2369
857
8462
287
1013
8566
904
3100
457
162
2178
6396
4371
9414
8611
4518
6112
8240
1583
3249
5325
8774
9917
3474
8493
6110
516
4396
5579
5321
605
8841
5850
5918
8414
3889
1248
8062
1401
6272
2551
6122
1939
808
8118
7924
4000
4120
4415
6440
2230
5480
8227
7792
117
7914
7926
3035
8861
8656
6779
3749
2157
7817
4842
5408
6596
4069
620
7797
968
4265
4282
2846
2744
4753
1148
3750
4867
2979
9077
9905
1517
4675
9344
9976
1488
5743
7431
9063
8822
1743
5124
3931
9864
2663
2659
7743
2654
2162
4972
1567
6352
5301
3394
7259
4730
5368
2730
834
4866
4056
6624
6977
9308
2424
1967
253
7677
887
328
3241
5220
6373
4719
2798
407
1721
7263
7680
2440
9851
9136
8552
5349
7956
5548
4944
2232
8019
1003
2365
5960
5730
2792
245
7113
2428
6795
9695
7673
8588
6018
9273
1318
6602
7261
2499
5659
4899
8319
3380
2782
8033
7451
2311
922
3670
5775
3134
3272
3081
6563
6566
6040
3996
6667
8438
8815
1236
231
3955
4806
1713
7864
2776
7507
8205
7797
5343
2342
5247
8692
4301
9401
1577
9405
7939
4657
6300
1886
2220
5136
3519
4374
5230
637
3156
9360
2598
310
5802
2565
354
5722
1067
1179
5194
9962
6469
7094
7431
2661
4525
1219
2874
7061
3866
5409
4183
6191
7865
8188
6386
7042
1798
6322
2663
5797
4688
6914
9328
5915
8907
9815
2643
6593
4470
898
9432
7979
9412
7474
620
1252
8995
510
9271
8485
9234
2237
4521
3164
6572
6669
1205
3352
1233
2955
6950
7287
9817
8989
7835
2637
3378
7273
215
71
8410
7150
7121
5896
613
9261
9492
506
3076
2139
7840
3536
3204
1856
1869
475
965
8999
1386
1540
7338
1564
5720
1288
3402
1351
609
5481
4223
2939
4559
1726
807
6175
9336
387
8181
3408
2018
1970
8640
7196
1367
314
290
7330
1881
1911
4400
2912
1654
2199
8289
6969
5915
967
9372
195
923
3446
9296
5276
8801
4236
459
691
5858
7135
9297
9791
535
2210
3500
7804
437
2067
9231
9428
6191
4137
6566
4707
1389
3151
728
7205
3577
7040
1905
2012
6630
1630
5093
7550
5820
1911
5757
6156
3816
6899
429
5517
1698
5151
7818
7642
8276
9943
3281
4054
5040
1150
5154
5775
8483
3233
7360
475
5617
70
7918
4385
1211
8728
7328
6869
8846
8083
4802
415
266
9813
2844
3099
5750
6890
2526
9122
5266
8743
3023
9796
7283
7228
8500
1346
7963
2191
8596
3651
704
3524
3732
447
9128
9870
8658
9926
2958
8716
3920
5501
1185
9397
2808
9351
842
8774
1930
6070
7922
7468
9623
5305
6389
7418
1482
993
2923
3557
2053
3501
2622
149
7166
8161
1526
1045
5609
4436
3991
3374
1845
8498
2437
9634
3367
1103
1769
8965
9110
2918
4969
9031
6147
5667
1692
5960
1518
7884
2419
1553
4262
4870
2238
9416
2549
9610
69
4204
8618
9444
8330
1738
8184
7187
1274
2138
5695
8390
22
6976
9381
2179
3482
5204
4686
2788
5334
142
7702
3974
3309
6925
2429
1615
7336
6634
154
8950
3313
5949
5960
3680
2847
8136
6882
7126
398
4446
8622
7545
934
4541
8952
2602
7397
3055
4123
5315
2847
5635
1744
8961
855
6983
9490
1005
6731
5260
4212
484
7850
1785
4361
9465
5291
4133
8066
9675
3485
612
5389
6681
1219
223
2391
3982
5182
8290
8345
1970
8766
6257
6002
6364
784
7600
3804
5813
1039
5199
1577
6824
1920
3484
6986
8393
3608
3782
4098
4978
7337
1434
3218
5609
9536
5934
2267
4462
646
7455
4048
1113
8183
789
3245
6864
7705
9781
8452
6577
3565
1460
9814
9205
4552
1781
9937
5301
2193
2116
1426
5801
9886
1348
7019
6777
2253
8241
4104
4367
7219
990
5056
3825
450
3207
5215
232
6706
6986
4895
6160
1310
7023
3533
8646
575
6040
8279
3473
8594
3017
468
4610
179
3556
9096
6540
4894
3939
7310
5457
2516
9518
3139
4283
6154
3517
8366
2007
768
1034
4270
122
2817
9367
3965
628
7082
1388
7357
9018
5169
7442
3682
5831
9757
9191
6455
2133
4227
6140
3794
2934
500
6342
6145
9080
440
4644
5481
2137
6731
7934
2894
9576
7006
7038
7945
5445
8720
2082
992
7877
6778
3263
7668
5095
4811
1332
7223
105
6745
2862
2068
2550
4819
954
6638
3953
8320
1779
2374
3732
4065
519
4130
5939
9675
7152
6468
4356
6031
3927
6315
6706
9714
9373
6580
7416
2335
3150
3743
5843
5266
6811
3680
4165
8219
4055
3950
4394
9684
6808
1069
4450
6701
8414
4642
5427
1054
2646
7808
3591
5925
2825
8284
3453
515
9118
3819
9682
7593
3670
2631
1709
3794
3235
6384
9277
7416
946
3176
7518
1703
4990
9015
7432
2973
6360
517
6105
5852
6156
9806
7998
899
6795
6665
7815
1943
385
6107
6745
8062
4584
7041
2440
4727
6954
8473
7050
9598
4519
2970
6906
9256
4735
2556
5877
9490
6704
5068
6137
9161
361
7822
9361
3740
1262
6140
6067
6599
4337
9827
6205
1618
7011
7367
2642
6438
5917
2857
5495
1371
5106
984
2132
711
2075
4892
5956
8398
3264
7997
4680
4290
554
7891
6213
8932
5116
198
9840
7411
2572
2619
8056
7269
1476
7501
4309
5419
2567
3148
2777
3337
4839
9919
8598
8921
1429
1840
3690
4629
5259
2542
4845
1721
7808
5529
6234
314
7780
134
7872
2396
5695
138
3259
8341
2385
9584
611
2624
7802
6824
5862
5998
2374
4644
8336
5724
8187
9263
1118
8323
993
6130
6195
4894
3150
3547
8312
531
7868
4380
5509
292
2169
727
7598
5088
4120
2296
460
8359
1064
6942
296
8173
7516
3809
1608
7521
7429
233
7065
645
3233
4601
3937
7837
8870
8727
9169
4130
7067
147
8900
3221
9088
6219
7555
3905
104
3741
8362
6973
9231
8602
7214
7591
7323
9780
1988
9582
6311
6085
306
4174
1298
6606
8070
5574
7577
3463
6009
1820
8297
1630
6619
9044
5551
4948
2928
2084
8571
9334
2639
4935
2302
8424
1998
8421
6933
2262
6114
4071
9017
2471
5481
2325
6063
2160
6379
6315
3810
923
2059
9429
6967
8096
2959
7917
380
6927
5245
3250
5380
750
9614
3742
5362
8081
2106
9502
3769
8327
5675
6287
7115
9585
74
5063
3353
289
8090
6255
2308
1476
9497
2119
7699
9763
6243
6486
8312
2393
5877
4526
5477
3749
7204
5121
6992
4277
1149
4694
5525
5476
2081
5470
7400
981
8756
3797
6653
4740
4425
6569
9653
5907
286
1972
2836
1085
78
9102
1088
9576
7788
9465
8704
3778
7965
8570
8208
144
7232
5369
2858
9110
7418
1801
1928
3507
7849
4856
5337
8756
2213
5333
6040
3854
2184
8069
5782
9746
9943
6481
2239
5336
7241
4064
3721
5106
5407
4991
2271
2599
5269
1837
899
1353
2893
4569
2374
4815
1682
4429
7686
9631
395
2606
1189
5788
4111
3980
6495
6660
3695
3128
2955
5614
3290
6247
2430
1697
2712
4755
1643
3412
8103
4264
7092
3345
5957
347
2215
4522
8313
6638
9093
6060
8156
113
7753
3822
7947
5482
1013
9643
7444
4394
1352
4546
7916
5268
637
1161
9968
55
5910
5439
6162
6434
504
5474
9037
7529
8059
411
342
3790
449
8295
4806
2823
3003
2843
5448
6398
6882
8248
1896
5813
5325
9064
4065
228
5893
8029
9419
2595
8342
6559
3502
1649
8863
5705
4881
8352
6781
5047
7801
6142
5881
4195
811
6166
8019
4288
5683
9227
6601
4881
9228
4177
320
5019
6132
6226
2474
9331
6921
715
1574
877
688
8192
3127
6900
9433
8266
6349
942
4398
1819
2853
7074
8907
2647
3847
93
5417
8727
3269
31
3259
7364
1399
891
4653
1274
153
109
4487
7482
5741
6716
4764
6084
4397
9858
8083
4822
3209
8419
4827
8085
7168
8439
3273
8060
7518
5808
4
8146
8826
1423
6987
998
5922
8127
256
1338
2753
6432
5377
2367
9516
2828
7937
7912
3348
2535
9773
1278
7256
178
5867
1509
5742
7607
2482
9222
8363
5548
5975
8530
7812
7975
2365
9273
7292
2108
4835
6442
8135
3918
113
5260
4010
9011
7520
6748
2752
1577
7643
6681
9211
7898
4760
2266
5667
2706
7925
5005
9459
7966
9443
6898
4539
2593
6574
717
3054
424
9818
8915
2871
8909
524
9350
645
4784
4444
423
8388
8919
6479
6607
4327
200
5440
7880
8801
4408
9937
2175
8413
9226
5283
3963
1567
3962
9444
2431
1228
6107
6938
1845
5336
3246
1926
9633
4727
5042
5724
9394
5923
5823
9426
6268
5938
2750
2038
7489
2755
374
8536
9644
4186
5202
4464
1634
4121
7771
1694
2606
6505
3995
5602
7457
8807
6840
1693
5254
3866
694
5798
1188
2898
9844
2621
7201
4022
6167
8788
9482
4891
4890
6872
1257
2549
631
6592
7720
1326
4833
6077
6414
6484
4778
3506
1877
8168
7166
4329
5714
521
5487
7115
4599
1099
1669
4930
374
594
5252
1117
562
7853
4873
9705
3929
3565
7441
8772
205
5120
2971
168
8517
9490
6073
7372
939
5127
7094
9762
5671
8907
529
6032
765
8295
9685
2168
6164
4512
4181
7925
6105
1917
3591
5434
2778
6285
1127
1230
2072
155
6406
3897
2768
5579
125
1541
7931
9839
6596
8827
5200
1855
3173
590
6106
3244
4053
9439
6118
4204
4235
3295
5810
5589
1505
9755
8452
826
4456
6325
9317
4675
6963
1159
1761
8722
7144
72
4752
8977
4822
8966
1850
1295
5969
2572
4536
482
1252
9842
8696
2985
7421
7667
5410
5845
7686
3528
8395
6270
9447
413
9318
5295
8219
5487
8567
4476
7161
8390
8482
5433
1844
2625
7537
9263
4382
4986
1795
4229
834
8043
32
1519
7390
8094
1572
9676
3387
2399
6700
7838
9018
4732
2219
5589
7611
9392
3709
6430
5130
1157
732
3954
9131
3006
3127
597
9150
595
4980
2423
6548
9793
3037
430
8119
6144
1731
8442
5961
4134
133
8347
8873
4399
8770
6195
2265
2791
3012
2800
6346
920
7274
4124
5884
9065
6344
4346
4175
1920
6149
9564
3976
6170
8012
4154
1832
8473
5552
3391
1024
5658
3106
1741
3137
849
8526
8371
4324
701
9237
4907
5209
1122
4615
7429
230
5392
117
3403
4823
9192
3254
7761
8719
9692
8803
4777
3957
9968
2798
5119
7068
9303
5194
1130
2848
2683
6494
7049
6893
9068
9426
3398
9685
885
3108
891
7161
8678
6648
3017
1814
8141
4101
8511
3810
4754
6215
4561
3952
8864
905
7786
5168
2190
8191
9233
163
13
9325
6499
5744
7503
5137
7028
7161
24
63
6359
5263
5377
6737
9911
2667
9766
5033
1256
8651
441
622
2040
7224
5960
2291
5704
5120
8572
6884
6470
340
8924
1684
4062
3249
2276
6622
5404
7179
1227
3208
3249
5931
2103
8394
8063
1571
4419
5493
1767
2229
1181
8172
4922
4730
3327
5800
6950
1410
9593
7067
6295
9563
9063
8825
9191
3033
8018
4905
6052
9436
8944
8663
8973
9366
1380
1103
6201
7640
1805
9542
4362
8311
3661
5770
6916
3480
4453
890
1617
4632
469
7898
2144
2758
2869
2322
4230
2933
3739
7611
7868
5615
5361
7729
3457
3138
8420
740
9495
4760
5423
9199
735
4983
405
978
7512
6409
8368
2303
6996
9164
80
7622
4050
326
738
7357
8759
3849
428
9294
7530
6873
6533
8126
7790
5899
4706
9517
1003
177
5335
4860
7527
7644
4266
8350
9425
5262
1797
7236
5344
623
7657
7201
4289
2375
2838
5296
4861
1773
1505
4979
9365
4960
2120
2857
8260
8594
6621
6803
7284
1206
4445
1645
2811
6442
1039
6137
4159
4295
6535
2708
1453
5518
2467
4200
9207
3721
3305
5128
5843
5714
2973
9381
3497
3983
4384
912
5971
1277
9446
9914
3978
4156
3861
8156
7691
1557
6813
2063
5160
5776
9821
8985
6513
618
7840
5798
4869
7435
2959
6973
917
6667
8059
6094
7539
4853
9762
7600
4441
6873
6953
8189
2031
2173
9723
3369
4905
5087
9104
641
3892
9916
561
7143
6682
4216
2943
4946
4330
8350
4638
2158
9761
8335
4804
2835
356
7247
1468
3640
9639
3976
7355
6510
3543
9954
9384
5084
1415
1278
2243
1157
1240
9600
3298
7896
8756
4962
6768
4698
6247
7763
4928
8279
6363
6761
3014
9768
2930
650
4098
9081
6762
2843
6106
3864
6415
206
7227
3851
8673
2476
2734
3612
371
7649
9774
7582
5548
3760
3907
2080
6041
2413
9599
4065
9010
2751
6154
275
531
9221
1426
2817
4914
3142
9882
132
4409
5993
9695
9760
5092
8096
5376
1412
8572
5263
8224
7160
1260
8716
9736
1898
8947
5846
6064
4612
1711
6259
9847
4573
1876
7608
2641
3651
1242
9455
3836
2135
2166
4612
368
1828
6044
3467
9161
2545
4173
6158
4257
8709
2444
4163
2192
3839
3704
1373
3335
9142
2566
5532
2547
3171
2268
2934
6270
2167
1828
5777
1503
3523
1330
8391
4877
2922
9386
3624
6137
765
2642
1907
4518
2868
2109
8963
6114
2328
6838
4589
333
1428
8243
8132
991
7146
4022
7608
6063
9390
9180
2658
937
768
9077
578
2410
230
8966
8421
2970
3032
215
6258
8725
4945
4959
2569
8133
9290
206
826
6561
6177
6293
1854
2695
410
866
2975
1692
65
2385
8223
7894
5739
5087
4117
4197
1723
5725
523
6317
6289
45
5648
1630
8389
8708
4593
5483
5607
6178
1138
8
6351
1627
1212
9616
6422
9483
5065
6948
1541
1913
1348
7019
8948
7232
3267
8872
8269
1254
9020
8834
4819
8064
3925
9228
8251
6402
9410
6671
8317
2652
5891
4523
4930
1496
3676
610
2637
8767
7941
5346
2034
5920
5556
3612
8263
9077
7025
5804
4685
1621
3227
4466
6662
6461
7629
376
6265
8118
2742
1864
6910
6986
2209
1494
4573
1849
4064
9067
4904
8886
7936
5744
7821
6867
1092
5570
8875
9758
5405
4365
4800
4158
3816
8226
861
9620
2883
8291
8000
6409
1313
6004
9252
9952
8417
8721
1132
3094
9309
4497
2190
1486
3831
7498
2240
732
6530
8761
5859
3510
6889
7897
1176
6443
6437
6397
5604
3643
1386
8357
3399
1860
3356
6919
9640
5688
2135
7152
354
6750
9293
775
8409
8968
5521
7849
5380
2826
4953
8255
2188
5290
765
3315
5781
9218
1983
9744
9681
8657
4159
4529
6498
3979
1393
7810
8612
9333
2056
7737
8907
8812
8482
5828
397
3148
6669
5765
8198
2299
7086
5923
7204
7827
7668
2645
4520
1020
1787
4699
6648
8648
668
3022
8323
8135
2617
7077
4842
1434
5986
294
4209
1541
581
577
1554
8498
5259
8020
2567
7174
5843
7773
3673
3355
5208
1188
7160
4239
1714
3210
6916
797
433
5508
9207
1083
7143
5000
2442
7883
2937
1650
4320
5047
3027
988
1276
7926
4309
6388
5390
8020
6585
474
8211
8274
6887
2023
5651
2216
9768
4561
9612
4794
7546
9606
6071
9536
7899
7844
440
9307
8726
3402
2115
925
9485
8062
5103
1759
4716
9384
971
9785
2571
9938
1811
4131
437
1564
7573
4508
9236
491
1236
4726
6689
8648
3685
1035
5418
1032
7555
7098
6910
705
6258
8153
1758
7840
4060
3427
1381
9391
9875
4519
8152
5572
6433
7528
9030
4606
6092
1632
5450
613
4895
6868
4546
9446
4183
2868
5316
4395
8157
6185
649
3411
372
6566
2035
3070
5391
7507
2402
3582
4622
4786
852
6682
5744
9066
5763
9516
1251
4407
2016
9884
7207
3427
5398
192
2306
4518
7415
1218
9137
1016
5
4085
4836
9342
4105
6424
1591
7356
6004
1401
8627
5891
2858
139
4318
4100
6060
4964
8447
146
2207
4437
7865
7473
8256
9712
333
7529
9397
2971
9983
8867
6351
16
1435
3262
3402
6240
1452
6407
6098
8883
4784
1618
2901
3195
8148
8913
3792
1088
5848
3114
6506
115
8936
4010
325
2613
8585
7831
8655
3323
13
2288
1912
8569
4847
3008
4294
508
2443
966
9467
8362
895
9551
4620
5899
3322
5982
9995
4108
3068
4429
4637
6967
4398
9214
4371
8983
8842
278
3392
1959
1419
2247
5183
3657
2193
6212
2905
7712
3574
6065
7489
8243
7828
5900
8674
6474
7234
7353
4227
3369
4417
1329
7633
2150
3419
4213
804
6264
4776
6481
3323
1418
6581
516
4556
8767
302
2786
2187
1123
9997
3253
7793
8572
7726
9537
1881
6171
3183
1363
1681
8410
6971
7088
1029
4434
7680
6211
530
2693
8533
3978
945
9017
7807
6857
3692
5830
5373
1693
6815
2597
7220
4987
169
3047
210
659
8663
7494
3846
6264
1128
5209
5500
2885
2658
6614
6457
632
2951
299
3742
7944
2744
8790
2125
9731
4447
2372
2935
2536
9846
9885
5011
7649
7956
9273
3624
3968
2971
7683
7958
1386
5292
6948
840
4827
1528
9438
4227
6851
7587
7931
6343
246
2145
2673
373
4850
2234
8291
5507
4001
6141
48
7659
3732
6706
2105
4368
6732
582
2586
1931
3516
4812
5741
5047
9463
1049
2544
6137
9027
5690
4207
3670
9579
1617
4519
4637
1120
2032
2349
7768
5373
1592
8483
7913
8668
7720
4241
4015
9919
2009
6693
1149
7803
4882
2821
687
237
7681
3743
1197
1382
9534
3724
688
3517
7834
5309
9143
5573
2643
3246
553
4920
8823
2331
3772
8839
4959
9279
5987
1669
9531
8864
1458
7501
140
648
6350
2007
3167
3142
2611
4918
2534
4547
4518
7276
2043
4210
9744
1445
1929
2259
230
4118
6828
2727
1329
6261
2401
4077
7477
8151
3916
246
3396
6059
8250
4094
4157
6903
2866
9620
392
3419
9213
619
3801
5779
7882
8429
6807
3576
5876
7573
4253
7859
5661
746
8529
3683
5296
5272
4126
4265
1137
5509
4322
3140
4409
9690
6600
2815
1651
925
7891
7213
3072
6009
4681
931
900
3796
3443
8675
28
4160
8313
8494
9374
6035
5472
1740
7070
3936
7499
3058
215
8513
9000
651
307
4394
2077
6127
2243
9338
180
9577
783
8109
3106
5729
650
6428
7366
8545
3447
7880
1724
619
6067
3278
8778
4547
3770
1818
5149
7066
7911
5318
2619
1089
3494
6555
3591
8053
9515
5787
113
1379
6415
2545
7485
545
3757
7292
8138
5486
7209
831
5426
7903
4450
2422
5861
187
444
8881
2285
8916
3777
5311
3427
5983
7301
8755
655
5563
6449
8787
2293
1664
5600
946
599
4228
6630
2211
5913
3024
4870
2908
1235
8687
7691
835
863
7708
7481
7074
7181
6421
3356
6546
6011
5026
2252
8055
3842
9906
787
5321
8778
8858
9890
7434
7202
6121
1694
1303
8629
4553
421
2776
8977
9404
4639
4631
5606
2802
8948
7942
8014
649
6323
2606
9792
3841
2893
1980
3114
8061
2797
6708
2212
9441
546
7079
1023
9079
6202
5466
2396
2906
5486
4087
4623
8915
53
2661
7057
9877
1426
8893
414
6265
9810
2796
8779
9227
7338
8041
925
9864
6388
9019
4259
8077
4946
7373
8463
1166
5570
3293
9531
3680
6498
5003
2972
2520
3435
3780
4882
2208
9679
5028
3342
634
3785
18
988
2412
8648
6440
592
1588
7172
35
3442
4668
5289
3787
9834
2409
8005
596
9390
7500
479
876
389
2988
7155
2326
4145
2206
1380
6081
7441
6136
5699
648
5268
7017
4463
1821
993
3204
3356
9098
8221
2157
830
1104
7430
6506
4135
2216
7198
9096
7674
7943
6292
6255
9545
6952
2370
6032
6337
4160
7294
1262
2871
7308
1003
8282
7330
9815
8163
6067
6297
1986
1688
3935
7903
5843
9322
4608
989
7003
1917
5310
7630
6938
2343
2420
2183
2544
9582
1501
9477
2479
9999
7050
5721
4287
6275
1416
7685
8500
6154
4649
9501
1655
8426
7809
21
43
246
2341
217
6353
5994
5534
8087
7510
3734
3650
4675
5504
9649
9126
5877
8544
9837
6580
3395
1510
5092
5600
9298
4710
6310
1118
5161
7814
3956
6444
8346
1071
2725
318
5315
3496
792
2428
95
7271
4618
5573
2216
6248
6954
3506
5328
6815
9892
3927
1663
1490
4552
443
2201
243
2626
937
254
3546
6485
3173
4567
2985
7627
1942
4952
7933
1540
3279
2620
4737
3346
6886
9421
421
455
6064
4414
3016
1153
6844
6568
9635
9540
1329
596
9432
7030
3925
5899
2834
4700
8006
4429
6637
4821
6237
6823
5271
3542
5206
7716
557
9101
7409
5759
2665
3583
5323
9504
2456
8901
9266
2996
3194
9119
1957
6964
2514
3865
6851
1086
828
4372
9056
5567
1819
712
7019
3240
7280
9282
329
2804
6548
6638
1785
8172
2898
8640
6752
8920
8736
5350
8317
9734
5880
2083
3706
8272
2941
3129
182
6618
5200
7112
9298
8637
2095
379
8076
8773
8088
4675
3134
6591
6227
1550
2946
4434
8650
6973
6070
5375
8260
9597
6606
9675
8167
446
2129
4704
3711
2273
1481
5533
4957
7097
3684
8724
2476
2231
9282
7989
7630
4472
420
1840
1453
7870
2861
5436
585
3803
401
5281
4134
4086
4087
7726
5023
557
5480
8250
6156
6803
768
1536
7771
328
6447
9877
8969
7257
278
9294
9827
6680
2885
2506
5953
1339
1908
1236
6320
1711
6033
5336
8697
3619
8047
6538
6776
5197
7356
271
6386
4288
8229
9359
6299
3001
911
7494
9846
8431
7882
8921
2924
8521
9067
8420
5184
9041
2837
7882
5386
5617
8698
9866
2797
5449
3836
3888
3969
5220
7846
6554
5601
4580
516
9672
3518
1328
3583
2390
8969
2100
6515
3860
9280
8916
7856
1946
7334
4920
477
6799
4504
1912
1644
9953
4445
113
8200
8324
2621
6432
739
1148
6697
9896
1239
1211
286
5980
3542
4620
2300
7251
2376
740
7407
7893
5593
6217
1136
6280
78
2943
2086
6384
5895
2477
9572
1002
4734
9689
7856
3799
1255
6427
4006
9724
8618
1394
1766
702
9753
3709
47
9340
7966
2845
9604
3115
9048
184
2521
6503
3397
5467
2417
2217
4670
7714
9165
9242
5665
8322
9092
7845
1929
4949
6819
5823
9365
7742
9211
6989
5013
4922
2068
5011
5800
4852
4715
5340
3114
7516
6219
8068
8309
8660
1550
3341
6200
3230
351
1600
29
3863
6286
2470
7049
5903
8398
9469
1857
1966
3650
9311
1343
1804
4181
2259
1699
5084
9478
2474
9530
126
142
6515
7900
8274
6420
7642
1794
8358
2173
6755
9108
6183
5420
8123
4542
37
1205
6073
8865
3807
430
9165
4135
4174
7069
4311
3009
1782
5177
727
6779
5882
1439
5910
6821
2376
7838
7196
9657
813
7050
847
2464
4107
1461
2100
3688
8377
2138
2754
6182
4770
5566
6499
5639
2204
1357
6891
852
8037
846
1349
8739
3957
1345
4653
5897
3655
6207
968
9523
2234
2035
3271
6257
3477
800
144
5644
9
6190
4654
990
9148
4041
9723
4644
6021
2103
9354
7805
3484
7600
1608
8747
5678
9574
3413
6384
3121
1590
6516
596
6986
3268
7833
8134
9707
1836
2845
4476
6258
3442
673
910
6433
5218
944
9253
2213
3320
2781
5188
3570
3971
67
3637
13
7656
6246
3658
6405
4970
6679
8739
815
926
1550
5201
9205
6844
4521
9186
6929
8867
3462
377
9426
5015
1047
1915
5678
5350
5627
6816
5317
1504
2185
9905
4216
6679
9073
4674
6155
69
8670
6256
6367
5290
3458
7173
2568
1812
1091
9405
1941
7700
4318
9069
5877
8544
9152
271
7095
8474
3809
9952
6649
8852
6393
7456
2598
7265
4204
1059
1096
7006
7084
6480
4484
8715
9002
9957
9122
2080
996
5251
4969
8357
8369
5762
9217
1675
6743
6134
4562
6333
8659
7446
4363
4784
4572
7434
7307
5888
6050
6183
6010
5993
9061
1172
503
9253
8568
8193
3655
2694
2313
224
6360
2252
4163
8395
5561
6502
6200
8042
2120
1350
9944
1182
3442
6312
745
9243
609
3376
4204
2409
2307
3431
5001
3251
7699
5129
7141
5017
2818
2365
6192
8585
706
1574
7082
4468
5081
7531
8211
8269
8421
662
1078
9270
358
7965
7871
4442
5509
9295
4928
9406
3925
5030
3087
1390
4197
9401
177
5437
3265
6321
8578
7204
9122
3549
5575
1095
1285
5332
9054
6236
5365
3055
9634
8621
3663
7714
6584
4827
3094
4735
6525
7655
9644
1224
454
4846
2685
4341
845
4613
1591
1880
8629
5011
8157
3363
7048
92
7479
3591
2310
6871
1716
6818
477
231
8513
7391
9311
2263
3828
4555
6510
4592
6293
6065
7987
7408
3940
5148
8859
2448
3552
3689
3025
8874
812
0
3077
8237
3871
5884
8836
4989
2774
8689
2399
1983
6576
2150
6208
7100
2129
1824
3321
9257
5366
2131
7517
8736
1140
1646
5343
4652
6103
9345
7223
9707
3734
630
2574
4796
5194
3592
8469
4889
7070
1982
7479
6669
3595
9630
6060
5196
2138
2375
6142
3417
2555
5922
7578
5860
9883
5704
9146
5725
1690
6103
1962
3643
3452
8396
9234
3700
3122
9985
394
2776
3697
698
4786
9977
8466
2817
9022
3050
4618
2238
6494
7948
4999
2089
5936
5367
4212
5898
9752
1033
6476
8907
1920
8278
4451
5810
5354
1587
8867
3523
915
4308
3511
7894
6320
8369
7588
9642
4737
8645
6657
3194
6679
3285
8815
7761
5300
4596
6485
5349
9100
6995
7006
4056
4439
3912
5899
1035
4097
2563
6878
7814
5048
6565
1222
4589
4066
7908
1733
3372
3081
7058
5623
6129
4986
842
5878
8998
9863
9071
7901
5404
89
4814
1168
5366
4938
5165
4265
115
287
6622
8709
224
2571
7447
2974
1581
73
1439
1756
1806
600
7017
6945
1702
9076
2872
6223
5109
3390
3526
8001
1664
4505
1212
9068
5359
8922
2659
9517
3283
8599
1485
2648
446
3006
7126
5626
1304
8527
2315
8655
5551
3174
8289
1893
4572
7755
3126
5442
4180
9189
3839
3029
9635
5747
4716
2152
3021
4042
2849
4482
5550
5345
4223
6022
9777
3989
7346
5316
2134
7722
6128
4905
689
1902
9217
2914
7870
8579
7238
4296
8484
8581
8903
1916
3280
3524
2263
8853
5429
8653
9956
9711
1835
5797
5453
6021
3125
429
6541
2698
3161
4136
7162
4030
7649
1493
5475
3641
6854
7527
5068
7935
286
5098
566
7549
5828
2179
4977
9891
2062
5172
2743
9541
5009
6204
2988
5503
5555
3452
9647
4186
3286
9272
6560
7898
2196
2621
8055
4721
4113
8287
1318
8693
7520
798
5372
4838
235
6578
2879
5693
8859
9465
9432
9565
6744
8155
3827
9389
6799
1748
2421
9976
625
5862
9427
9175
7480
6060
5811
2025
9175
2399
9828
1203
5760
7344
3084
9835
4582
7522
3892
3502
2336
3155
474
1117
9253
6203
1650
4621
4946
2555
9922
5784
3535
191
7353
437
2110
4733
4085
4312
6351
2175
7519
7892
7661
6590
5073
7937
9193
1575
6937
3129
9941
5365
790
3800
474
4657
3621
7266
2183
3333
3115
5834
259
42
5139
4580
8552
5856
8122
601
3592
8262
339
3899
3322
6248
3152
6345
6495
4336
1097
4904
7023
3714
8034
2561
9358
8253
1039
9395
8997
8092
5785
465
974
2641
4754
3303
1487
5039
5692
7731
432
6484
7946
3277
1128
531
5949
2631
3894
2088
2866
7031
8124
1775
2620
9624
1501
7463
1121
3186
232
4161
965
6114
6238
1352
5872
72
1792
4617
8378
2997
3818
3714
605
9754
7194
7796
9083
1005
9909
6312
1795
14
8639
6014
431
4450
3874
9842
4519
7810
8581
8607
92
1541
6746
542
5392
1000
1128
7243
4810
2335
9189
8841
6378
1602
2394
6781
6133
9862
5877
1532
4538
2822
2105
8554
7323
9906
5417
3259
8904
8198
6900
784
9849
3810
4465
6065
9963
6323
5040
1874
8532
809
1166
1867
9512
2797
3641
7299
3571
8919
4241
245
708
388
6765
4637
5277
7025
3378
1465
3210
6119
6849
3366
108
4105
5847
7274
3167
3492
7780
9789
3378
2230
9939
4684
6082
4745
2874
4582
9909
5918
5291
4631
3726
9045
5509
9312
9690
7460
464
692
2187
280
1507
2093
7091
6289
5915
2286
4814
7551
9538
325
1830
25
6398
9789
309
3454
5905
3971
7908
7294
4090
8951
4879
9705
6477
3882
5206
2336
3788
3070
9168
1099
7659
5509
6666
5747
9282
589
8580
3297
5578
8708
4777
6977
5637
2251
8873
3307
5897
5418
3961
3005
2950
3115
5992
1095
6215
9801
9300
8758
2179
9959
6933
955
5595
8709
1377
7139
6908
820
2568
2389
6170
7733
3397
576
3606
7086
3094
2923
8653
1604
1254
3946
9516
2077
8702
9600
7070
302
4817
8683
7557
5048
6917
4144
1479
4720
8447
3334
7949
8814
7270
9465
9861
1089
9890
6875
4180
5529
5581
8214
6383
4987
2665
2418
5521
4610
3936
7142
3538
6703
6817
9954
7659
3037
6939
9608
104
4444
4013
6212
2547
2910
3351
4753
5923
2334
4722
3493
5539
5379
802
2158
849
9977
4699
1587
901
2686
408
8332
4319
4251
5234
8725
9215
9426
8650
4289
7058
3447
1634
7460
7809
8073
3182
5302
5645
3942
5863
8666
8611
4309
4983
2475
388
4636
8645
2557
6454
5410
1855
4848
5695
7946
5079
6632
4222
9029
2674
5137
3915
4279
4849
1324
8667
253
6945
6320
2080
6542
4272
9911
5408
1418
9741
4593
6462
1007
4858
549
4406
783
5127
4411
4968
2859
9525
2431
1137
1670
8850
2471
4589
9053
8921
6383
9878
6698
7535
5899
7967
9060
1253
3932
3907
3746
5594
9965
355
1894
1055
2738
9456
5081
256
1683
6443
3652
2308
299
1030
8972
6409
7687
2495
3616
3938
491
6297
6801
769
5221
5263
4122
2306
5373
1976
6389
3426
4002
3432
6288
4700
7628
8446
3490
4082
130
7892
1886
687
5051
7449
228
1271
5914
7406
603
4667
2661
7865
7724
4252
3930
9542
3967
5425
2631
2497
9545
5574
1289
39
3769
7973
3938
1306
3115
5638
9718
9225
4982
4087
5395
1465
6176
2380
8130
8369
9195
3273
3753
3778
105
1146
1729
8791
5346
9269
8364
66
3502
826
4536
9027
1406
5944
221
9849
4730
5111
7714
9248
8056
8899
7355
3079
2490
5315
5794
2999
1711
2983
7411
499
6411
3590
148
7910
7360
5986
5781
9599
5550
6015
393
5097
5791
804
849
7218
4993
4566
7441
1210
6295
8159
5464
3436
1082
34
5808
2290
198
7613
3432
691
5887
1422
5978
3009
1971
4056
7581
7415
8317
7857
3298
312
8087
4622
9598
537
9430
2978
5341
6738
2008
9544
3953
2642
9258
3134
1289
8235
6372
7159
5585
8017
7769
285
992
7094
7279
901
5586
630
9465
7190
6001
3805
8499
5009
2580
6395
5610
2706
8767
6165
7300
9120
6641
9233
5292
9207
1289
7414
3441
6683
4006
8714
609
1433
568
9823
8987
3471
5023
9077
1879
4922
8422
3950
8461
8457
4199
5672
4464
4879
183
3344
2338
7041
2268
6320
718
6084
6989
6107
5373
738
1795
4371
2848
5362
5127
4613
6879
8547
3790
2898
2718
3254
7547
7393
8758
6346
6393
7790
555
4998
5504
6836
5887
703
6820
7666
1991
8877
5012
8832
2016
1950
3271
4316
5310
9436
2313
5893
7436
8026
5588
3201
4971
2787
2859
2892
3025
7044
4516
9729
8376
9744
4653
1827
1840
9001
1205
4736
6666
3023
3201
5717
6927
6175
9279
31
9123
5141
7673
3368
3323
9340
6228
4075
88
4614
9461
6807
353
2728
1635
5844
7347
4762
826
2704
9758
7842
8735
1055
9251
9342
7712
4632
7206
5600
9887
4724
2830
1083
5049
2539
8158
9826
402
4386
1983
4728
4775
2190
7196
4599
1128
940
6503
6513
4510
7248
4504
7288
2011
9644
5043
570
3353
5896
1198
37
6651
9350
4725
5647
7497
2115
4388
7944
3245
6641
4590
8004
5854
1168
6988
1457
7858
6054
4996
1496
7830
5124
9907
9385
8585
5248
7661
7520
2521
5342
3657
8158
8241
3447
3176
2379
633
2862
1015
3006
7805
4853
5792
5947
8795
5434
4368
27
1293
8972
3264
5599
4761
971
633
504
5675
2719
9851
7827
3690
4992
9730
635
9012
443
1407
3907
1485
2620
5031
8037
2468
2442
6866
3286
6625
921
5345
8971
6063
9596
6864
4418
2585
7275
805
3202
1552
6351
3559
7115
255
4362
1015
8644
5063
8744
4558
4109
2377
2443
2062
4666
2762
891
8347
36
4830
3381
8427
3841
1932
6206
4660
5100
9400
1689
2203
8351
6446
653
2674
4843
7292
6969
2901
634
1375
9538
6991
9355
9569
2907
6947
5498
5027
1728
5548
6921
5819
4436
6826
5988
4575
5533
1277
5559
3735
6986
7780
5582
3987
5852
3699
8352
9620
6044
9670
6166
7187
6173
908
3882
3590
2263
3614
5151
4734
6539
3637
6676
6880
8729
6160
7375
8659
218
5358
569
7902
8929
5164
9786
3532
5496
8381
2133
2246
6030
746
6461
7997
2396
7641
991
5291
4033
9567
3411
3629
8860
2194
4741
931
302
6916
2863
2343
5454
7532
1229
426
821
9730
4702
6221
4026
6043
2942
5571
926
7078
3
7160
9452
5687
8500
1947
768
5296
7484
4243
1402
3507
3204
9661
8091
549
4075
3790
140
5519
2782
2146
5856
1727
6813
7801
5468
2182
7755
9978
5379
1046
8701
3786
6613
8300
3215
1720
6556
1285
9772
2917
4997
5668
5772
3057
5035
476
109
2390
3108
5353
1482
2739
2095
46
3615
5558
6359
466
1173
271
4130
3562
3090
6557
1482
1878
22
3185
1862
172
2540
817
8543
6119
9782
9502
3324
2652
2861
7519
6482
2553
6277
5622
8187
6299
7054
5603
4305
2615
9829
2251
9162
4567
2610
4287
2763
7234
2899
7814
1897
9350
700
9631
4975
8317
5381
2141
8463
9817
4426
2048
2403
3520
2351
19
5526
7445
8915
5685
8280
1945
120
3015
9935
1262
2463
553
6659
8014
9142
3028
4238
2926
767
2050
8298
2379
131
2201
496
6611
3204
8394
6192
9346
8384
1541
1721
2672
6769
9227
3843
1871
8311
5571
3074
3025
6310
6208
7719
7020
4680
3154
7414
9796
6741
5909
9195
485
7972
4519
8598
1715
7990
3577
4930
4639
1232
1564
388
2558
3299
6152
3275
65
1645
7677
1747
5516
5350
6825
6281
796
8758
6041
254
6526
6910
2145
334
8713
5408
5541
1142
5146
5962
3038
152
9782
6048
7432
3088
956
3638
5835
5044
9200
1336
7052
8990
8230
4
7144
4162
2827
465
5726
4769
47
6354
1789
4177
4718
2305
131
9342
8454
6701
9673
3642
868
1701
8404
8953
9903
476
4878
1288
3868
8774
446
1589
4292
7981
108
35
3727
2727
8867
812
4268
65
7756
5055
8281
2221
5344
9895
1940
3739
6169
5714
5754
5402
2410
8147
2418
701
7197
8029
6066
4427
4694
4334
7401
996
6576
2010
7374
5273
3217
2509
4505
278
9722
7922
3315
2396
8005
3228
6650
4730
9892
9120
3372
8572
6387
9407
3614
7715
376
5449
8832
5620
5728
5214
8955
5100
8386
